Unnamed: 0,Index,Date and Time,Speed (km/h),Distance traveled (km).1,Status,Position ,Longitude,Latitude,Distance traveled (km),Distance_geopy
1,,2017-06-10 00:01:10,0.0,0.0,"ACC开,3D定位,天线正常","湖南省长沙市宁乡县,距魏家冲 约80米,距望塔仑 约243米",112.52519,28.256379,0.0,0.7409038671851356
2,,2017-06-10 00:02:10,0.0,0.0,"ACC开,3D定位,天线正常","湖南省长沙市宁乡县,距魏家冲 约80米,距望塔仑 约242米",112.525194,28.256382,0.0,0.5145582988420371
3,,2017-06-10 00:03:10,0.0,0.0,"ACC开,3D定位,天线正常","湖南省长沙市宁乡县,距魏家冲 约80米,距望塔仑 约243米",112.525186,28.256381,0.0,0.7914093913422112
4,,2017-06-10 00:04:10,0.0,0.0,"ACC开,3D定位,天线正常","湖南省长沙市宁乡县,距魏家冲 约80米,距望塔仑 约244米",112.525186,28.256373,0.0,0.8895606701279017
5,,2017-06-10 00:05:10,0.0,0.0,"ACC开,3D定位,天线正常","湖南省长沙市宁乡县,距魏家冲 约80米,距望塔仑 约243米",112.52518899999998,28.256378,0.0,0.628846109765823
6,,2017-06-10 00:06:10,0.0,0.0,"ACC开,3D定位,天线正常","湖南省长沙市宁乡县,距魏家冲 约80米,距望塔仑 约243米",112.52519,28.256382,0.0,0.455436869304282
7,,2017-06-10 00:07:10,0.0,0.0,"ACC开,3D定位,天线正常","湖南省长沙市宁乡县,距魏家冲 约80米,距望塔仑 约244米",112.525184,28.256371,0.0,1.3569970503127304
8,,2017-06-10 00:08:10,0.0,0.0,"ACC开,3D定位,天线正常","湖南省长沙市宁乡县,距魏家冲 约80米,距望塔仑 约244米",112.525184,28.256371,0.0,0.0
9,,2017-06-10 00:09:10,0.0,0.0,"ACC开,3D定位,天线正常","湖南省长沙市宁乡县,距魏家冲 约80米,距望塔仑 约244米",112.525183,28.256371,0.0,0.09794486688818094
10,,2017-06-10 00:10:10,0.0,0.0,"ACC开,3D定位,天线正常","湖南省长沙市宁乡县,距魏家冲 约80米,距望塔仑 约244米",112.525186,28.256371,0.0,0.2938345994184668
11,,2017-06-10 00:11:10,0.0,0.0,"ACC开,3D定位,天线正常","湖南省长沙市宁乡县,距魏家冲 约80米,距望塔仑 约244米",112.52518700000002,28.256366,0.0,0.5645368584682982
12,,2017-06-10 00:12:10,0.0,0.0,"ACC开,3D定位,天线正常","湖南省长沙市宁乡县,距魏家冲 约80米,距望塔仑 约244米",112.525185,28.256365,0.0,0.2252490591077461
13,,2017-06-10 00:13:10,0.0,0.0,"ACC开,3D定位,天线正常","湖南省长沙市宁乡县,距魏家冲 约80米,距望塔仑 约244米",112.525184,28.256366,0.0,0.14818078193365505
14,,2017-06-10 00:14:10,0.0,0.0,"ACC开,3D定位,天线正常","湖南省长沙市宁乡县,距魏家冲 约80米,距望塔仑 约244米",112.525185,28.256366,0.0,0.09794487023596044
15,,2017-06-10 00:15:10,0.0,0.0,"ACC开,3D定位,天线正常","湖南省长沙市宁乡县,距魏家冲 约80米,距望塔仑 约244米",112.525185,28.256366,0.0,0.0
16,,2017-06-10 00:16:10,0.0,0.0,"ACC开,3D定位,天线正常","湖南省长沙市宁乡县,距魏家冲 约80米,距望塔仑 约244米",112.525186,28.256365,0.0,0.14818078268077492
17,,2017-06-10 00:17:10,0.0,0.0,"ACC开,3D定位,天线正常","湖南省长沙市宁乡县,距魏家冲 约80米,距望塔仑 约244米",112.525186,28.256364,0.0,0.1111950845175192
18,,2017-06-10 00:18:10,0.0,0.0,"ACC开,3D定位,天线正常","湖南省长沙市宁乡县,距魏家冲 约80米,距望塔仑 约244米",112.525186,28.256364,0.0,0.0
19,,2017-06-10 00:19:10,0.0,0.0,"ACC开,3D定位,天线正常","湖南省长沙市宁乡县,距魏家冲 约80米,距望塔仑 约244米",112.525186,28.256363,0.0,0.1111950838101951
20,,2017-06-10 00:20:10,0.0,0.0,"ACC开,3D定位,天线正常","湖南省长沙市宁乡县,距魏家冲 约80米,距望塔仑 约245米",112.525184,28.25636,0.0,0.38684869650277465
21,,2017-06-10 00:21:10,0.0,0.0,"ACC开,3D定位,天线正常","湖南省长沙市宁乡县,距魏家冲 约80米,距望塔仑 约245米",112.525183,28.256351,0.0,1.0055373073904286
22,,2017-06-10 00:22:10,0.0,0.0,"ACC开,3D定位,天线正常","湖南省长沙市宁乡县,距魏家冲 约80米,距望塔仑 约245米",112.525183,28.25635,0.0,0.11119508381019512
23,,2017-06-10 00:23:10,0.0,0.0,"ACC开,3D定位,天线正常","湖南省长沙市宁乡县,距魏家冲 约80米,距望塔仑 约245米",112.525184,28.25635,0.0,0.09794488618236936
24,,2017-06-10 00:24:10,0.0,0.0,"ACC开,3D定位,天线正常","湖南省长沙市宁乡县,距魏家冲 约79米,距望塔仑 约245米",112.525191,28.256354,0.0,0.8172492626303471
25,,2017-06-10 00:25:10,0.0,0.0,"ACC开,3D定位,天线正常","湖南省长沙市宁乡县,距魏家冲 约79米,距望塔仑 约245米",112.525192,28.256346,0.0,0.8949365254527009
26,,2017-06-10 00:26:10,0.0,0.0,"ACC开,3D定位,天线正常","湖南省长沙市宁乡县,距魏家冲 约78米,距望塔仑 约244米",112.525204,28.256343,0.0,1.2217610892772297
27,,2017-06-10 00:27:10,0.0,0.0,"ACC开,3D定位,天线正常","湖南省长沙市宁乡县,距魏家冲 约78米,距望塔仑 约244米",112.525205,28.256345,0.0,0.2430032684678229
28,,2017-06-10 00:28:10,0.0,0.0,"ACC开,3D定位,天线正常","湖南省长沙市宁乡县,距魏家冲 约78米,距望塔仑 约244米",112.525206,28.256347,0.0,0.24300326772718386
29,,2017-06-10 00:29:10,0.0,0.0,"ACC开,3D定位,天线正常","湖南省长沙市宁乡县,距魏家冲 约77米,距望塔仑 约245米",112.525217,28.25633,0.0,2.1757926619439627
30,,2017-06-10 00:30:10,0.0,0.0,"ACC开,3D定位,天线正常","湖南省长沙市宁乡县,距魏家冲 约76米,距望塔仑 约245米",112.525219,28.256322,0.0,0.9108737588454088
31,,2017-06-10 00:31:10,0.0,0.0,"ACC开,3D定位,天线正常","湖南省长沙市宁乡县,距魏家冲 约73米,距望塔仑 约242米",112.525257,28.256322,0.0,3.721906638794613
32,,2017-06-10 00:32:10,0.0,0.0,"ACC开,3D定位,天线正常","湖南省长沙市宁乡县,距魏家冲 约72米,距望塔仑 约242米",112.525261,28.256317,0.0,0.6801470166096864
33,,2017-06-10 00:33:10,0.0,0.0,"ACC开,3D定位,天线正常","湖南省长沙市宁乡县,距魏家冲 约72米,距望塔仑 约242米",112.525268,28.256315,0.0,0.7207804915079009
34,,2017-06-10 00:34:10,0.0,0.0,"ACC开,3D定位,天线正常","湖南省长沙市宁乡县,距魏家冲 约72米,距望塔仑 约242米",112.525268,28.256311,0.0,0.4447803348871187
35,,2017-06-10 00:35:10,0.0,0.0,"ACC开,3D定位,天线正常","湖南省长沙市宁乡县,距魏家冲 约71米,距望塔仑 约242米",112.52527,28.256314,0.0,0.38684874214307785
36,,2017-06-10 00:36:10,0.0,0.0,"ACC开,3D定位,天线正常","湖南省长沙市宁乡县,距魏家冲 约93米,距望塔仑 约254米",112.525055,28.256369,0.0,21.92824478751502
37,,2017-06-10 00:37:10,0.0,0.0,"ACC开,3D定位,天线正常","湖南省长沙市宁乡县,距魏家冲 约90米,距望塔仑 约249米",112.525092,28.256392,0.0,4.4355184072313305
38,,2017-06-10 00:38:10,0.0,0.0,"ACC开,3D定位,天线正常","湖南省长沙市宁乡县,距魏家冲 约90米,距望塔仑 约250米",112.525087,28.256390000000003,0.0,0.5378542705397723
39,,2017-06-10 00:39:10,0.0,0.0,"ACC开,3D定位,天线正常","湖南省长沙市宁乡县,距魏家冲 约91米,距望塔仑 约251米",112.525081,28.256382,0.0,1.066148759145761
40,,2017-06-10 00:40:10,0.0,0.0,"ACC开,3D定位,天线正常","湖南省长沙市宁乡县,距魏家冲 约91米,距望塔仑 约251米",112.52508,28.25638,0.0,0.2430032544940965
41,,2017-06-10 00:41:10,0.0,0.0,"ACC开,3D定位,天线正常","湖南省长沙市宁乡县,距魏家冲 约91米,距望塔仑 约251米",112.52508,28.256377,0.0,0.3335852514305855
42,,2017-06-10 00:42:10,0.0,0.0,"ACC开,3D定位,天线正常","湖南省长沙市宁乡县,距魏家冲 约91米,距望塔仑 约251米",112.52508,28.256376,0.0,0.11119508345653308
43,,2017-06-10 00:43:10,0.0,0.0,"ACC开,3D定位,天线正常","湖南省长沙市宁乡县,距魏家冲 约90米,距望塔仑 约251米",112.525081,28.256376,0.0,0.09794486104824868
44,,2017-06-10 00:44:10,0.0,0.0,"ACC开,3D定位,天线正常","湖南省长沙市宁乡县,距魏家冲 约90米,距望塔仑 约251米",112.525082,28.256377,0.0,0.1481807774314944
45,,2017-06-10 00:45:10,0.0,0.0,"ACC开,3D定位,天线正常","湖南省长沙市宁乡县,距魏家冲 约90米,距望塔仑 约251米",112.525082,28.256377,0.0,0.0
46,,2017-06-10 00:46:10,0.0,0.0,"ACC开,3D定位,天线正常","湖南省长沙市宁乡县,距魏家冲 约90米,距望塔仑 约251米",112.525082,28.256377,0.0,0.0
47,,2017-06-10 00:47:10,0.0,0.0,"ACC开,3D定位,天线正常","湖南省长沙市宁乡县,距魏家冲 约90米,距望塔仑 约251米",112.525084,28.256379,0.0,0.2963615511775036
48,,2017-06-10 00:48:10,0.0,0.0,"ACC开,3D定位,天线正常","湖南省长沙市宁乡县,距魏家冲 约90米,距望塔仑 约251米",112.525084,28.256378,0.0,0.11119508310287103
49,,2017-06-10 00:49:10,0.0,0.0,"ACC开,3D定位,天线正常","湖南省长沙市宁乡县,距魏家冲 约90米,距望塔仑 约251米",112.52508600000002,28.256377,0.0,0.2252490397206079
50,,2017-06-10 00:50:10,0.0,0.0,"ACC开,3D定位,天线正常","湖南省长沙市宁乡县,距魏家冲 约89米,距望塔仑 约250米",112.525093,28.25638,0.0,0.7624602924401834
51,,2017-06-10 00:51:10,0.0,0.0,"ACC开,3D定位,天线正常","湖南省长沙市宁乡县,距魏家冲 约89米,距望塔仑 约250米",112.525093,28.256386,0.0,0.6671705018001858
52,,2017-06-10 00:52:10,0.0,0.0,"ACC开,3D定位,天线正常","湖南省长沙市宁乡县,距魏家冲 约89米,距望塔仑 约249米",112.525094,28.256387,0.0,0.14818077080033262
53,,2017-06-10 00:53:10,0.0,0.0,"ACC开,3D定位,天线正常","湖南省长沙市宁乡县,距魏家冲 约89米,距望塔仑 约250米",112.525093,28.256386,0.0,0.14818077072381802
54,,2017-06-10 00:54:10,0.0,0.0,"ACC开,3D定位,天线正常","湖南省长沙市宁乡县,距魏家冲 约89米,距望塔仑 约249米",112.5251,28.256387,0.0,0.6945724275376091
55,,2017-06-10 00:55:10,0.0,0.0,"ACC开,3D定位,天线正常","湖南省长沙市宁乡县,距魏家冲 约88米,距望塔仑 约249米",112.525103,28.256388,0.0,0.3141704820247177
56,,2017-06-10 00:56:10,0.0,0.0,"ACC开,3D定位,天线正常","湖南省长沙市宁乡县,距魏家冲 约88米,距望塔仑 约248米",112.525111,28.256388,0.0,0.7835588089064549
57,,2017-06-10 00:57:10,0.0,0.0,"ACC开,3D定位,天线正常","湖南省长沙市宁乡县,距魏家冲 约87米,距望塔仑 约248米",112.525114,28.256387,0.0,0.31417047961942723
58,,2017-06-10 00:58:10,0.0,0.0,"ACC开,3D定位,天线正常","湖南省长沙市宁乡县,距魏家冲 约87米,距望塔仑 约248米",112.525116,28.256387,0.0,0.19588970437567615
59,,2017-06-10 00:59:10,0.0,0.0,"ACC开,3D定位,天线正常","湖南省长沙市宁乡县,距魏家冲 约87米,距望塔仑 约248米",112.525114,28.256386,0.0,0.2252490249891217
60,,2017-06-10 01:00:10,0.0,0.0,"ACC开,3D定位,天线正常","湖南省长沙市宁乡县,距魏家冲 约87米,距望塔仑 约248米",112.525116,28.256386,0.0,0.1958897062132195
61,,2017-06-10 01:01:10,0.0,0.0,"ACC开,3D定位,天线正常","湖南省长沙市宁乡县,距魏家冲 约88米,距望塔仑 约248米",112.525113,28.256389,0.0,0.44454231107405534
62,,2017-06-10 01:02:10,0.0,0.0,"ACC开,3D定位,天线正常","湖南省长沙市宁乡县,距魏家冲 约87米,距望塔仑 约247米",112.525117,28.256392,0.0,0.5145582713505006
63,,2017-06-10 01:03:10,0.0,0.0,"ACC开,3D定位,天线正常","湖南省长沙市宁乡县,距魏家冲 约87米,距望塔仑 约247米",112.525118,28.256392,0.0,0.0979448463479036
64,,2017-06-10 01:04:10,0.0,0.0,"ACC开,3D定位,天线正常","湖南省长沙市宁乡县,距魏家冲 约82米,距望塔仑 约244米",112.525171,28.256383000000003,0.0,5.286661873062905
65,,2017-06-10 01:05:10,0.0,0.0,"ACC开,3D定位,天线正常","湖南省长沙市宁乡县,距魏家冲 约84米,距望塔仑 约244米",112.525154,28.256394,0.0,2.066039431107605
66,,2017-06-10 01:06:10,0.0,0.0,"ACC开,3D定位,天线正常","湖南省长沙市宁乡县,距魏家冲 约81米,距望塔仑 约244米",112.52518,28.256379,0.0,3.044171020659721
67,,2017-06-10 01:07:10,0.0,0.0,"ACC开,3D定位,天线正常","湖南省长沙市宁乡县,距魏家冲 约81米,距望塔仑 约243米",112.525182,28.256382,0.0,0.3868486791753217
68,,2017-06-10 01:08:10,0.0,0.0,"ACC开,3D定位,天线正常","湖南省长沙市宁乡县,距魏家冲 约81米,距望塔仑 约243米",112.525182,28.256382,0.0,0.0
69,,2017-06-10 01:09:10,0.0,0.0,"ACC开,3D定位,天线正常","湖南省长沙市宁乡县,距魏家冲 约81米,距望塔仑 约243米",112.525182,28.256382,0.0,0.0
70,,2017-06-10 01:10:10,0.0,0.0,"ACC开,3D定位,天线正常","湖南省长沙市宁乡县,距魏家冲 约81米,距望塔仑 约243米",112.525184,28.256382,0.0,0.19588971356339208
71,,2017-06-10 01:11:10,0.0,0.0,"ACC开,3D定位,天线正常","湖南省长沙市宁乡县,距魏家冲 约81米,距望塔仑 约243米",112.525177,28.256394,0.0,1.5001774610839094
72,,2017-06-10 01:12:10,0.0,0.0,"ACC开,3D定位,天线正常","湖南省长沙市宁乡县,距魏家冲 约81米,距望塔仑 约242米",112.525183,28.256393,0.0,0.5980963881466812
73,,2017-06-10 01:13:10,0.0,0.0,"ACC开,3D定位,天线正常","湖南省长沙市宁乡县,距魏家冲 约80米,距望塔仑 约241米",112.52518899999998,28.256401,0.0,1.0661487237724945
74,,2017-06-10 01:14:10,0.0,0.0,"ACC开,3D定位,天线正常","湖南省长沙市宁乡县,距魏家冲 约78米,距望塔仑 约239米",112.525219,28.256406,0.0,2.9904816664766916
75,,2017-06-10 01:15:10,0.0,0.0,"ACC开,3D定位,天线正常","湖南省长沙市宁乡县,距魏家冲 约77米,距望塔仑 约237米",112.525224,28.25642,0.0,1.6319441398971215
76,,2017-06-10 01:16:10,0.0,0.0,"ACC开,3D定位,天线正常","湖南省长沙市宁乡县,距魏家冲 约76米,距望塔仑 约237米",112.525235,28.256414000000003,0.0,1.267238060529664
77,,2017-06-10 01:17:10,0.0,0.0,"ACC开,3D定位,天线正常","湖南省长沙市宁乡县,距魏家冲 约77米,距望塔仑 约237米",112.52523,28.256412,0.0,0.5378541809340333
78,,2017-06-10 01:18:10,0.0,0.0,"ACC开,3D定位,天线正常","湖南省长沙市宁乡县,距魏家冲 约75米,距望塔仑 约236米",112.525247,28.256411,0.0,1.668770845154672
79,,2017-06-10 01:19:10,0.0,0.0,"ACC开,3D定位,天线正常","湖南省长沙市宁乡县,距魏家冲 约72米,距望塔仑 约234米",112.525274,28.256413,0.0,2.6538448580860172
80,,2017-06-10 01:20:10,0.0,0.0,"ACC开,3D定位,天线正常","湖南省长沙市宁乡县,距魏家冲 约73米,距望塔仑 约235米",112.525264,28.256405,0.0,1.3231164685364354
81,,2017-06-10 01:21:10,0.0,0.0,"ACC开,3D定位,天线正常","湖南省长沙市宁乡县,距魏家冲 约75米,距望塔仑 约238米",112.525246,28.256394,0.0,2.1457586224124263
82,,2017-06-10 01:22:10,0.0,0.0,"ACC开,3D定位,天线正常","湖南省长沙市宁乡县,距魏家冲 约77米,距望塔仑 约238米",112.525227,28.256401,0.0,2.01717508776694
83,,2017-06-10 01:23:10,0.0,0.0,"ACC开,3D定位,天线正常","湖南省长沙市宁乡县,距魏家冲 约79米,距望塔仑 约240米",112.525204,28.25641,0.0,2.4650172294837405
84,,2017-06-10 01:24:10,0.0,0.0,"ACC开,3D定位,天线正常","湖南省长沙市宁乡县,距魏家冲 约80米,距望塔仑 约239米",112.525197,28.256424,0.0,1.7010226879384238
85,,2017-06-10 01:25:10,0.0,0.0,"ACC开,3D定位,天线正常","湖南省长沙市宁乡县,距魏家冲 约78米,距望塔仑 约239米",112.525214,28.256403,0.0,2.8679450055354234
86,,2017-06-10 01:26:10,0.0,0.0,"ACC开,3D定位,天线正常","湖南省长沙市宁乡县,距魏家冲 约78米,距望塔仑 约239米",112.525214,28.256404,0.0,0.11119508345653308
87,,2017-06-10 01:27:10,0.0,0.0,"ACC开,3D定位,天线正常","湖南省长沙市宁乡县,距魏家冲 约79米,距望塔仑 约241米",112.525205,28.256395,0.0,1.3336268618006546
88,,2017-06-10 01:28:10,0.0,0.0,"ACC开,3D定位,天线正常","湖南省长沙市宁乡县,距魏家冲 约78米,距望塔仑 约240米",112.525213,28.256397,0.0,0.8145070272828714
89,,2017-06-10 01:29:10,0.0,0.0,"ACC开,3D定位,天线正常","湖南省长沙市宁乡县,距魏家冲 约83米,距望塔仑 约243米",112.525159,28.256408,0.0,5.428612299156621
90,,2017-06-10 01:30:10,0.0,0.0,"ACC开,3D定位,天线正常","湖南省长沙市宁乡县,距魏家冲 约87米,距望塔仑 约245米",112.525125,28.256422,0.0,3.676022085009397
91,,2017-06-10 01:31:10,0.0,0.0,"ACC开,3D定位,天线正常","湖南省长沙市宁乡县,距魏家冲 约86米,距望塔仑 约244米",112.525132,28.256427,0.0,0.8827088092467809
92,,2017-06-10 01:32:10,0.0,0.0,"ACC开,3D定位,天线正常","湖南省长沙市宁乡县,距魏家冲 约86米,距望塔仑 约244米",112.525132,28.256429,0.0,0.22239016691306615
93,,2017-06-10 01:33:10,0.0,0.0,"ACC开,3D定位,天线正常","湖南省长沙市宁乡县,距魏家冲 约86米,距望塔仑 约243米",112.525136,28.256427,0.0,0.4504979149725946
94,,2017-06-10 01:34:10,0.0,0.0,"ACC开,3D定位,天线正常","湖南省长沙市宁乡县,距魏家冲 约86米,距望塔仑 约243米",112.525136,28.256427,0.0,0.0
95,,2017-06-10 01:35:10,0.0,0.0,"ACC开,3D定位,天线正常","湖南省长沙市宁乡县,距魏家冲 约85米,距望塔仑 约243米",112.525146,28.256425,0.0,1.0043784555239557
96,,2017-06-10 01:36:10,0.0,0.0,"ACC开,3D定位,天线正常","湖南省长沙市宁乡县,距魏家冲 约85米,距望塔仑 约242米",112.525149,28.256429,0.0,0.5330743174455699
97,,2017-06-10 01:37:10,0.0,0.0,"ACC开,3D定位,天线正常","湖南省长沙市宁乡县,距魏家冲 约85米,距望塔仑 约242米",112.525146,28.256432,0.0,0.4445422324679907
98,,2017-06-10 01:38:10,0.0,0.0,"ACC开,3D定位,天线正常","湖南省长沙市宁乡县,距魏家冲 约85米,距望塔仑 约242米",112.525145,28.256431,0.0,0.1481807428374291
99,,2017-06-10 01:39:10,0.0,0.0,"ACC开,3D定位,天线正常","湖南省长沙市宁乡县,距魏家冲 约85米,距望塔仑 约243米",112.525144,28.25643,0.0,0.14818074373757778
100,,2017-06-10 01:40:10,0.0,0.0,"ACC开,3D定位,天线正常","湖南省长沙市宁乡县,距魏家冲 约85米,距望塔仑 约242米",112.525144,28.256434,0.0,0.4447803352407808
101,,2017-06-10 01:41:10,0.0,0.0,"ACC开,3D定位,天线正常","湖南省长沙市宁乡县,距魏家冲 约85米,距望塔仑 约242米",112.525148,28.256431,0.0,0.5145581534256709
102,,2017-06-10 01:42:10,0.0,0.0,"ACC开,3D定位,天线正常","湖南省长沙市宁乡县,距魏家冲 约85米,距望塔仑 约242米",112.525148,28.256431,0.0,0.0
103,,2017-06-10 01:43:10,0.0,0.0,"ACC开,3D定位,天线正常","湖南省长沙市宁乡县,距魏家冲 约85米,距望塔仑 约242米",112.525149,28.256431,0.0,0.09794481176185582
104,,2017-06-10 01:44:10,0.0,0.0,"ACC开,3D定位,天线正常","湖南省长沙市宁乡县,距魏家冲 约85米,距望塔仑 约243米",112.525143,28.256428000000003,0.0,0.6757468665731309
105,,2017-06-10 01:45:10,0.0,0.0,"ACC开,3D定位,天线正常","湖南省长沙市宁乡县,距魏家冲 约85米,距望塔仑 约242米",112.525149,28.25643,0.0,0.6283407497824016
106,,2017-06-10 01:46:10,0.0,0.0,"ACC开,3D定位,天线正常","湖南省长沙市宁乡县,距魏家冲 约86米,距望塔仑 约243米",112.525141,28.256428000000003,0.0,0.8145067950017065
107,,2017-06-10 01:47:10,0.0,0.0,"ACC开,3D定位,天线正常","湖南省长沙市宁乡县,距魏家冲 约86米,距望塔仑 约243米",112.52513799999998,28.256436,0.0,0.936833420895576
108,,2017-06-10 01:48:10,0.0,0.0,"ACC开,3D定位,天线正常","湖南省长沙市宁乡县,距魏家冲 约86米,距望塔仑 约243米",112.52513700000002,28.256434,0.0,0.2430032325213363
109,,2017-06-10 01:49:10,0.0,0.0,"ACC开,3D定位,天线正常","湖南省长沙市宁乡县,距魏家冲 约86米,距望塔仑 约243米",112.525135,28.256434,0.0,0.19588961801107352
110,,2017-06-10 01:50:10,0.0,0.0,"ACC开,3D定位,天线正常","湖南省长沙市宁乡县,距魏家冲 约87米,距望塔仑 约243米",112.525132,28.256442,0.0,0.9368334156535078
111,,2017-06-10 01:51:10,0.0,0.0,"ACC开,3D定位,天线正常","湖南省长沙市宁乡县,距魏家冲 约87米,距望塔仑 约243米",112.525127,28.256443,0.0,0.5021891550450536
112,,2017-06-10 01:52:10,0.0,0.0,"ACC开,3D定位,天线正常","湖南省长沙市宁乡县,距魏家冲 约88米,距望塔仑 约244米",112.525116,28.25644,0.0,1.1278538944354282
113,,2017-06-10 01:53:10,0.0,0.0,"ACC开,3D定位,天线正常","湖南省长沙市宁乡县,距魏家冲 约89米,距望塔仑 约245米",112.525108,28.256427,0.0,1.644244039629155
114,,2017-06-10 01:54:10,0.0,0.0,"ACC开,3D定位,天线正常","湖南省长沙市宁乡县,距魏家冲 约89米,距望塔仑 约246米",112.525109,28.256424,0.0,0.3476669491898586
115,,2017-06-10 01:55:10,0.0,0.0,"ACC开,3D定位,天线正常","湖南省长沙市宁乡县,距魏家冲 约89米,距望塔仑 约246米",112.525105,28.256424,0.0,0.3917792715269883
116,,2017-06-10 01:56:10,0.0,0.0,"ACC开,3D定位,天线正常","湖南省长沙市宁乡县,距魏家冲 约89米,距望塔仑 约246米",112.525106,28.256422,0.0,0.24300323861699016
117,,2017-06-10 01:57:10,0.0,0.0,"ACC开,3D定位,天线正常","湖南省长沙市宁乡县,距魏家冲 约89米,距望塔仑 约246米",112.525108,28.256425,0.0,0.3868486391645719
118,,2017-06-10 01:58:10,0.0,0.0,"ACC开,3D定位,天线正常","湖南省长沙市宁乡县,距魏家冲 约89米,距望塔仑 约246米",112.525101,28.256428000000003,0.0,0.762460017087519
119,,2017-06-10 01:59:10,0.0,0.0,"ACC开,3D定位,天线正常","湖南省长沙市宁乡县,距魏家冲 约89米,距望塔仑 约247米",112.525099,28.256418,0.0,1.12907369763566
120,,2017-06-10 02:00:10,0.0,0.0,"ACC开,3D定位,天线正常","湖南省长沙市宁乡县,距魏家冲 约89米,距望塔仑 约247米",112.525099,28.256416,0.0,0.22239016726672814
121,,2017-06-10 02:01:10,0.0,0.0,"ACC开,3D定位,天线正常","湖南省长沙市宁乡县,距魏家冲 约89米,距望塔仑 约247米",112.525102,28.256413,0.0,0.4445422609293853
122,,2017-06-10 02:02:10,0.0,0.0,"ACC开,3D定位,天线正常","湖南省长沙市宁乡县,距魏家冲 约89米,距望塔仑 约247米",112.525101,28.256412,0.0,0.14818075466883915
123,,2017-06-10 02:03:10,0.0,0.0,"ACC开,3D定位,天线正常","湖南省长沙市宁乡县,距魏家冲 约89米,距望塔仑 约247米",112.525102,28.256411,0.0,0.14818075554151988
124,,2017-06-10 02:04:10,0.0,0.0,"ACC开,3D定位,天线正常","湖南省长沙市宁乡县,距魏家冲 约89米,距望塔仑 约247米",112.525101,28.256409,0.0,0.2430032439333961
125,,2017-06-10 02:05:10,0.0,0.0,"ACC开,3D定位,天线正常","湖南省长沙市宁乡县,距魏家冲 约90米,距望塔仑 约250米",112.52509,28.256389,0.0,2.4711363519562752
126,,2017-06-10 02:06:10,0.0,0.0,"ACC开,3D定位,天线正常","湖南省长沙市宁乡县,距魏家冲 约89米,距望塔仑 约253米",112.525091,28.256341,0.0,5.3382626267662445
127,,2017-06-10 02:07:10,0.0,0.0,"ACC开,3D定位,天线正常","湖南省长沙市宁乡县,距魏家冲 约90米,距望塔仑 约259米",112.525084,28.256268,0.0,8.146144516937701
128,,2017-06-10 02:08:10,0.0,0.0,"ACC开,3D定位,天线正常","湖南省长沙市宁乡县,距魏家冲 约87米,距望塔仑 约256米",112.525108,28.25628,0.0,2.702990449408188
129,,2017-06-10 02:09:10,0.0,0.0,"ACC开,3D定位,天线正常","湖南省长沙市宁乡县,距魏家冲 约87米,距望塔仑 约256米",112.525109,28.256275,0.0,0.5645368726256661
130,,2017-06-10 02:10:10,0.0,0.0,"ACC开,3D定位,天线正常","湖南省长沙市宁乡县,距魏家冲 约87米,距望塔仑 约256米",112.525109,28.256277,0.0,0.22239016762039024
131,,2017-06-10 02:11:10,0.0,0.0,"ACC开,3D定位,天线正常","湖南省长沙市宁乡县,距魏家冲 约86米,距望塔仑 约255米",112.525124,28.256276,0.0,1.4733762130584973
132,,2017-06-10 02:12:10,0.0,0.0,"ACC开,3D定位,天线正常","湖南省长沙市宁乡县,距魏家冲 约86米,距望塔仑 约255米",112.525117,28.256284,0.0,1.1231142575530044
133,,2017-06-10 02:13:10,0.0,0.0,"ACC开,3D定位,天线正常","湖南省长沙市宁乡县,距魏家冲 约87米,距望塔仑 约256米",112.52511,28.256284,0.0,0.6856146240098997
134,,2017-06-10 02:14:10,0.0,0.0,"ACC开,3D定位,天线正常","湖南省长沙市宁乡县,距魏家冲 约86米,距望塔仑 约255米",112.525116,28.256288,0.0,0.7370109785994051
135,,2017-06-10 02:15:10,0.0,0.0,"ACC开,3D定位,天线正常","湖南省长沙市宁乡县,距魏家冲 约86米,距望塔仑 约254米",112.52512,28.256291,0.0,0.5145585530168723
136,,2017-06-10 02:16:10,0.0,0.0,"ACC开,3D定位,天线正常","湖南省长沙市宁乡县,距魏家冲 约86米,距望塔仑 约253米",112.525118,28.256314,0.0,2.5649780140039704
137,,2017-06-10 02:17:10,0.0,0.0,"ACC开,3D定位,天线正常","湖南省长沙市宁乡县,距魏家冲 约86米,距望塔仑 约252米",112.525122,28.256319,0.0,0.6801470234267546
138,,2017-06-10 02:18:10,0.0,0.0,"ACC开,3D定位,天线正常","湖南省长沙市宁乡县,距魏家冲 约86米,距望塔仑 约252米",112.525118,28.256322,0.0,0.5145584665029809
139,,2017-06-10 02:19:10,0.0,0.0,"ACC开,3D定位,天线正常","湖南省长沙市宁乡县,距魏家冲 约86米,距望塔仑 约252米",112.525119,28.256324,0.0,0.2430032765681939
140,,2017-06-10 02:20:10,0.0,0.0,"ACC开,3D定位,天线正常","湖南省长沙市宁乡县,距魏家冲 约87米,距望塔仑 约253米",112.525115,28.256321000000003,0.0,0.514558461714864
141,,2017-06-10 02:21:10,0.0,0.0,"ACC开,3D定位,天线正常","湖南省长沙市宁乡县,距魏家冲 约87米,距望塔仑 约253米",112.52511,28.256321000000003,0.0,0.4897245591492093
142,,2017-06-10 02:22:10,0.0,0.0,"ACC开,3D定位,天线正常","湖南省长沙市宁乡县,距魏家冲 约87米,距望塔仑 约253米",112.525109,28.25632,0.0,0.14818080998140087
143,,2017-06-10 02:23:10,0.0,0.0,"ACC开,3D定位,天线正常","湖南省长沙市宁乡县,距魏家冲 约87米,距望塔仑 约253米",112.52511,28.256319,0.0,0.14818081058869145
144,,2017-06-10 02:24:10,0.0,0.0,"ACC开,3D定位,天线正常","湖南省长沙市宁乡县,距魏家冲 约87米,距望塔仑 约253米",112.525111,28.256323,0.0,0.4554368803486117
145,,2017-06-10 02:25:10,0.0,0.0,"ACC开,3D定位,天线正常","湖南省长沙市宁乡县,距魏家冲 约87米,距望塔仑 约253米",112.525112,28.256322,0.0,0.1481808087668196
146,,2017-06-10 02:26:10,0.0,0.0,"ACC开,3D定位,天线正常","湖南省长沙市宁乡县,距魏家冲 约87米,距望塔仑 约253米",112.525111,28.256323,0.0,0.14818080884333326
147,,2017-06-10 02:27:10,0.0,0.0,"ACC开,3D定位,天线正常","湖南省长沙市宁乡县,距魏家冲 约87米,距望塔仑 约253米",112.525116,28.256318,0.0,0.7409040507891383
148,,2017-06-10 02:28:10,0.0,0.0,"ACC开,3D定位,天线正常","湖南省长沙市宁乡县,距魏家冲 约86米,距望塔仑 约252米",112.525118,28.256321000000003,0.0,0.3868487356297143
149,,2017-06-10 02:29:10,0.0,0.0,"ACC开,3D定位,天线正常","湖南省长沙市宁乡县,距魏家冲 约86米,距望塔仑 约252米",112.525121,28.256326,0.0,0.6288461781714034
150,,2017-06-10 02:30:10,0.0,0.0,"ACC开,3D定位,天线正常","湖南省长沙市宁乡县,距魏家冲 约86米,距望塔仑 约252米",112.525126,28.256323,0.0,0.592544724749291
151,,2017-06-10 02:31:10,0.0,0.0,"ACC开,3D定位,天线正常","湖南省长沙市宁乡县,距魏家冲 约84米,距望塔仑 约251米",112.525143,28.256319,0.0,1.7234459794801031
152,,2017-06-10 02:32:10,0.0,0.0,"ACC开,3D定位,天线正常","湖南省长沙市宁乡县,距魏家冲 约84米,距望塔仑 约251米",112.525141,28.25632,0.0,0.22524913225869586
153,,2017-06-10 02:33:10,0.0,0.0,"ACC开,3D定位,天线正常","湖南省长沙市宁乡县,距魏家冲 约84米,距望塔仑 约250米",112.525145,28.256323,0.0,0.5145584634755359
154,,2017-06-10 02:34:10,0.0,0.0,"ACC开,3D定位,天线正常","湖南省长沙市宁乡县,距魏家冲 约83米,距望塔仑 约250米",112.525148,28.256324,0.0,0.31417064726059984
155,,2017-06-10 02:35:10,0.0,0.0,"ACC开,3D定位,天线正常","湖南省长沙市宁乡县,距魏家冲 约83米,距望塔仑 约250米",112.525152,28.256325,0.0,0.4072537682907304
156,,2017-06-10 02:36:10,0.0,0.0,"ACC开,3D定位,天线正常","湖南省长沙市宁乡县,距魏家冲 约83米,距望塔仑 约250米",112.525148,28.25633,0.0,0.6801470002801431
157,,2017-06-10 02:37:10,0.0,0.0,"ACC开,3D定位,天线正常","湖南省长沙市宁乡县,距魏家冲 约84米,距望塔仑 约249米",112.525146,28.256336,0.0,0.6953339444985561
158,,2017-06-10 02:38:10,0.0,0.0,"ACC开,3D定位,天线正常","湖南省长沙市宁乡县,距魏家冲 约83米,距望塔仑 约249米",112.525149,28.256337,0.0,0.3141706146630139
159,,2017-06-10 02:39:10,0.0,0.0,"ACC开,3D定位,天线正常","湖南省长沙市宁乡县,距魏家冲 约84米,距望塔仑 约249米",112.525143,28.25634,0.0,0.6757473032520181
160,,2017-06-10 02:40:10,0.0,0.0,"ACC开,3D定位,天线正常","湖南省长沙市宁乡县,距魏家冲 约85米,距望塔仑 约250米",112.52513799999998,28.256339,0.0,0.5021896175883155
161,,2017-06-10 02:41:10,0.0,0.0,"ACC开,3D定位,天线正常","湖南省长沙市宁乡县,距魏家冲 约84米,距望塔仑 约250米",112.52514,28.256335,0.0,0.4860065421638376
162,,2017-06-10 02:42:10,0.0,0.0,"ACC开,3D定位,天线正常","湖南省长沙市宁乡县,距魏家冲 约82米,距望塔仑 约247米",112.525165,28.256341,0.0,2.537886568835232
163,,2017-06-10 02:43:10,0.0,0.0,"ACC开,3D定位,天线正常","湖南省长沙市宁乡县,距魏家冲 约82米,距望塔仑 约247米",112.525166,28.256346,0.0,0.5645368622054936
164,,2017-06-10 02:44:10,0.0,0.0,"ACC开,3D定位,天线正常","湖南省长沙市宁乡县,距魏家冲 约84米,距望塔仑 约248米",112.525148,28.256345,0.0,1.7665111444345978
165,,2017-06-10 02:45:10,0.0,0.0,"ACC开,3D定位,天线正常","湖南省长沙市宁乡县,距魏家冲 约83米,距望塔仑 约249米",112.525149,28.256338,0.0,0.7845037843075531
166,,2017-06-10 02:46:10,0.0,0.0,"ACC开,3D定位,天线正常","湖南省长沙市宁乡县,距魏家冲 约82米,距望塔仑 约249米",112.52516,28.25633,0.0,1.3971742254422057
167,,2017-06-10 02:47:10,0.0,0.0,"ACC开,3D定位,天线正常","湖南省长沙市宁乡县,距魏家冲 约84米,距望塔仑 约249米",112.525147,28.25633400000001,0.0,1.3487331125523159
168,,2017-06-10 02:48:10,0.0,0.0,"ACC开,3D定位,天线正常","湖南省长沙市宁乡县,距魏家冲 约82米,距望塔仑 约248米",112.52516,28.256336,0.0,1.29255899519276
169,,2017-06-10 02:49:10,0.0,0.0,"ACC开,3D定位,天线正常","湖南省长沙市宁乡县,距魏家冲 约83米,距望塔仑 约248米",112.525156,28.256337,0.0,0.4072537246667144
170,,2017-06-10 02:50:10,0.0,0.0,"ACC开,3D定位,天线正常","湖南省长沙市宁乡县,距魏家冲 约83米,距望塔仑 约250米",112.525152,28.256325,0.0,1.390667890221433
171,,2017-06-10 02:51:10,0.0,0.0,"ACC开,3D定位,天线正常","湖南省长沙市宁乡县,距魏家冲 约83米,距望塔仑 约249米",112.525151,28.256332,0.0,0.7845037857046001
172,,2017-06-10 02:52:10,0.0,0.0,"ACC开,3D定位,天线正常","湖南省长沙市宁乡县,距魏家冲 约83米,距望塔仑 约250米",112.52515,28.256324,0.0,0.8949365280164121
173,,2017-06-10 02:53:10,0.0,0.0,"ACC开,3D定位,天线正常","湖南省长沙市宁乡县,距魏家冲 约79米,距望塔仑 约250米",112.525188,28.256291,0.0,5.226601791569041
174,,2017-06-10 02:54:10,0.0,0.0,"ACC开,3D定位,天线正常","湖南省长沙市宁乡县,距魏家冲 约78米,距望塔仑 约247米",112.525201,28.256316,0.0,3.0576083761201414
175,,2017-06-10 02:55:10,0.0,0.0,"ACC开,3D定位,天线正常","湖南省长沙市宁乡县,距魏家冲 约79米,距望塔仑 约246米",112.525191,28.256333,0.0,2.1289942949580896
176,,2017-06-10 02:56:10,0.0,0.0,"ACC开,3D定位,天线正常","湖南省长沙市宁乡县,距魏家冲 约81米,距望塔仑 约246米",112.525175,28.256355,0.0,2.9052028178064395
177,,2017-06-10 02:57:10,0.0,0.0,"ACC开,3D定位,天线正常","湖南省长沙市宁乡县,距魏家冲 约86米,距望塔仑 约248米",112.525131,28.256373,0.0,4.751681796674848
178,,2017-06-10 02:58:10,0.0,0.0,"ACC开,3D定位,天线正常","湖南省长沙市宁乡县,距魏家冲 约87米,距望塔仑 约247米",112.525114,28.256392,0.0,2.6899744318999583
179,,2017-06-10 02:59:10,0.0,0.0,"ACC开,3D定位,天线正常","湖南省长沙市宁乡县,距魏家冲 约90米,距望塔仑 约248米",112.525095,28.256407,0.0,2.499023852218503
180,,2017-06-10 03:00:10,0.0,0.0,"ACC开,3D定位,天线正常","湖南省长沙市宁乡县,距魏家冲 约90米,距望塔仑 约248米",112.525095,28.256406,0.0,0.1111950838101951
181,,2017-06-10 03:01:10,0.0,0.0,"ACC开,3D定位,天线正常","湖南省长沙市宁乡县,距魏家冲 约91米,距望塔仑 约248米",112.52508600000002,28.256415000000004,0.0,1.3336268014796553
182,,2017-06-10 03:02:10,0.0,0.0,"ACC开,3D定位,天线正常","湖南省长沙市宁乡县,距魏家冲 约93米,距望塔仑 约250米",112.525063,28.256417,0.0,2.2636815722069
183,,2017-06-10 03:03:10,0.0,0.0,"ACC开,3D定位,天线正常","湖南省长沙市宁乡县,距魏家冲 约91米,距望塔仑 约249米",112.525077,28.256413,0.0,1.4415597740844308
184,,2017-06-10 03:04:10,0.0,0.0,"ACC开,3D定位,天线正常","湖南省长沙市宁乡县,距魏家冲 约92米,距望塔仑 约250米",112.525073,28.256405,0.0,0.9720129764763918
185,,2017-06-10 03:05:10,0.0,0.0,"ACC开,3D定位,天线正常","湖南省长沙市宁乡县,距魏家冲 约94米,距望塔仑 约251米",112.525051,28.256413,0.0,2.331184710883341
186,,2017-06-10 03:06:10,0.0,0.0,"ACC开,3D定位,天线正常","湖南省长沙市宁乡县,距魏家冲 约93米,距望塔仑 约249米",112.525064,28.256422,0.0,1.6194940348737978
187,,2017-06-10 03:07:10,0.0,0.0,"ACC开,3D定位,天线正常","湖南省长沙市宁乡县,距魏家冲 约92米,距望塔仑 约247米",112.525075,28.25644,0.0,2.2730648548339523
188,,2017-06-10 03:08:10,0.0,0.0,"ACC开,3D定位,天线正常","湖南省长沙市宁乡县,距魏家冲 约92米,距望塔仑 约247米",112.525073,28.256437,0.0,0.3868486254865952
189,,2017-06-10 03:09:10,0.0,0.0,"ACC开,3D定位,天线正常","湖南省长沙市宁乡县,距魏家冲 约90米,距望塔仑 约244米",112.5251,28.256451,0.0,3.0686874866636207
190,,2017-06-10 03:10:10,0.0,0.0,"ACC开,3D定位,天线正常","湖南省长沙市宁乡县,距魏家冲 约90米,距望塔仑 约244米",112.525103,28.256455,0.0,0.5330742772568381
191,,2017-06-10 03:11:10,0.0,0.0,"ACC开,3D定位,天线正常","湖南省长沙市宁乡县,距魏家冲 约90米,距望塔仑 约244米",112.525105,28.256458,0.0,0.38684860941560667
192,,2017-06-10 03:12:10,0.0,0.0,"ACC开,3D定位,天线正常","湖南省长沙市宁乡县,距魏家冲 约89米,距望塔仑 约243米",112.525114,28.256461,0.0,0.9425108866386268
193,,2017-06-10 03:13:10,0.0,0.0,"ACC开,3D定位,天线正常","湖南省长沙市宁乡县,距魏家冲 约92米,距望塔仑 约245米",112.525079,28.256464,0.0,3.444259732875088
194,,2017-06-10 03:14:10,0.0,0.0,"ACC开,3D定位,天线正常","湖南省长沙市宁乡县,距魏家冲 约91米,距望塔仑 约243米",112.525096,28.256475,0.0,2.0660384107031007
195,,2017-06-10 03:15:10,0.0,0.0,"ACC开,3D定位,天线正常","湖南省长沙市宁乡县,距魏家冲 约93米,距望塔仑 约245米",112.525077,28.256471,0.0,1.913365357126964
196,,2017-06-10 03:16:10,0.0,0.0,"ACC开,3D定位,天线正常","湖南省长沙市宁乡县,距魏家冲 约94米,距望塔仑 约246米",112.525066,28.256467,0.0,1.1655917962461408
197,,2017-06-10 03:17:10,0.0,0.0,"ACC开,3D定位,天线正常","湖南省长沙市宁乡县,距魏家冲 约93米,距望塔仑 约245米",112.525076,28.256471,0.0,1.0757078940725224
198,,2017-06-10 03:18:10,0.0,0.0,"ACC开,3D定位,天线正常","湖南省长沙市宁乡县,距魏家冲 约91米,距望塔仑 约242米",112.525101,28.256479,0.0,2.6051975991926954
199,,2017-06-10 03:19:10,0.0,0.0,"ACC开,3D定位,天线正常","湖南省长沙市宁乡县,距魏家冲 约90米,距望塔仑 约242米",112.525105,28.25648,0.0,0.4072532204893348
200,,2017-06-10 03:20:10,0.0,0.0,"ACC开,3D定位,天线正常","湖南省长沙市宁乡县,距魏家冲 约90米,距望塔仑 约241米",112.525111,28.256482,0.0,0.6283404818052438
201,,2017-06-10 03:21:10,0.0,0.0,"ACC开,3D定位,天线正常","湖南省长沙市宁乡县,距魏家冲 约88米,距望塔仑 约240米",112.525129,28.256477,0.0,1.848593553035203
202,,2017-06-10 03:22:10,0.0,0.0,"ACC开,3D定位,天线正常","湖南省长沙市宁乡县,距魏家冲 约86米,距望塔仑 约240米",112.525148,28.256464,0.0,2.3564193564984883
203,,2017-06-10 03:23:10,0.0,0.0,"ACC开,3D定位,天线正常","湖南省长沙市宁乡县,距魏家冲 约88米,距望塔仑 约242米",112.525123,28.256466,0.0,2.4586977970902373
204,,2017-06-10 03:24:10,0.0,0.0,"ACC开,3D定位,天线正常","湖南省长沙市宁乡县,距魏家冲 约88米,距望塔仑 约241米",112.525125,28.256469,0.0,0.3868485988542724
205,,2017-06-10 03:25:10,0.0,0.0,"ACC开,3D定位,天线正常","湖南省长沙市宁乡县,距魏家冲 约88米,距望塔仑 约241米",112.52513,28.256469,0.0,0.4897238817501554
206,,2017-06-10 03:26:10,0.0,0.0,"ACC开,3D定位,天线正常","湖南省长沙市宁乡县,距魏家冲 约86米,距望塔仑 约241米",112.52514,28.256456,0.0,1.7461078489136117
207,,2017-06-10 03:27:10,0.0,0.0,"ACC开,3D定位,天线正常","湖南省长沙市宁乡县,距魏家冲 约85米,距望塔仑 约240米",112.525154,28.256454,0.0,1.3891439853148926
208,,2017-06-10 03:28:10,0.0,0.0,"ACC开,3D定位,天线正常","湖南省长沙市宁乡县,距魏家冲 约85米,距望塔仑 约240米",112.525156,28.256453000000004,0.0,0.22524891848056905
209,,2017-06-10 03:29:10,0.0,0.0,"ACC开,3D定位,天线正常","湖南省长沙市宁乡县,距魏家冲 约87米,距望塔仑 约244米",112.525125,28.256431,0.0,3.8991529466409407
210,,2017-06-10 03:30:10,0.0,0.0,"ACC开,3D定位,天线正常","湖南省长沙市宁乡县,距魏家冲 约88米,距望塔仑 约245米",112.525115,28.25643,0.0,0.985739807564207
211,,2017-06-10 03:31:10,0.0,0.0,"ACC开,3D定位,天线正常","湖南省长沙市宁乡县,距魏家冲 约88米,距望塔仑 约245米",112.525112,28.256426,0.0,0.5330743136902063
212,,2017-06-10 03:32:10,0.0,0.0,"ACC开,3D定位,天线正常","湖南省长沙市宁乡县,距魏家冲 约89米,距望塔仑 约246米",112.525101,28.256425,0.0,1.083115867591257
213,,2017-06-10 03:33:10,0.0,0.0,"ACC开,3D定位,天线正常","湖南省长沙市宁乡县,距魏家冲 约89米,距望塔仑 约246米",112.525106,28.256424,0.0,0.5021892356658627
214,,2017-06-10 03:34:10,0.0,0.0,"ACC开,3D定位,天线正常","湖南省长沙市宁乡县,距魏家冲 约89米,距望塔仑 约246米",112.525104,28.256426,0.0,0.29636149491569463
215,,2017-06-10 03:35:10,0.0,0.0,"ACC开,3D定位,天线正常","湖南省长沙市宁乡县,距魏家冲 约89米,距望塔仑 约246米",112.525105,28.256418,0.0,0.8949365194038393
216,,2017-06-10 03:36:10,0.0,0.0,"ACC开,3D定位,天线正常","湖南省长沙市宁乡县,距魏家冲 约89米,距望塔仑 约246米",112.525104,28.256418,0.0,0.09794482495197752
217,,2017-06-10 03:37:10,0.0,0.0,"ACC开,3D定位,天线正常","湖南省长沙市宁乡县,距魏家冲 约88米,距望塔仑 约246米",112.525114,28.256414000000003,0.0,1.0757083346180905
218,,2017-06-10 03:38:10,0.0,0.0,"ACC开,3D定位,天线正常","湖南省长沙市宁乡县,距魏家冲 约87米,距望塔仑 约246米",112.525123,28.256406,0.0,1.2523444281252405
219,,2017-06-10 03:39:10,0.0,0.0,"ACC开,3D定位,天线正常","湖南省长沙市宁乡县,距魏家冲 约87米,距望塔仑 约246米",112.525117,28.256409,0.0,0.6757469724589299
220,,2017-06-10 03:40:10,0.0,0.0,"ACC开,3D定位,天线正常","湖南省长沙市宁乡县,距魏家冲 约88米,距望塔仑 约246米",112.525115,28.256415000000004,0.0,0.6953339046321001
221,,2017-06-10 03:41:10,0.0,0.0,"ACC开,3D定位,天线正常","湖南省长沙市宁乡县,距魏家冲 约88米,距望塔仑 约246米",112.525112,28.256415000000004,0.0,0.2938344756484326
222,,2017-06-10 03:42:10,0.0,0.0,"ACC开,3D定位,天线正常","湖南省长沙市宁乡县,距魏家冲 约88米,距望塔仑 约246米",112.525113,28.256415000000004,0.0,0.0979448239700687
223,,2017-06-10 03:43:10,0.0,0.0,"ACC开,3D定位,天线正常","湖南省长沙市宁乡县,距魏家冲 约88米,距望塔仑 约246米",112.525109,28.256413,0.0,0.450497958074061
224,,2017-06-10 03:44:10,0.0,0.0,"ACC开,3D定位,天线正常","湖南省长沙市宁乡县,距魏家冲 约87米,距望塔仑 约246米",112.52512,28.256408,0.0,1.2123879838198683
225,,2017-06-10 03:45:10,0.0,0.0,"ACC开,3D定位,天线正常","湖南省长沙市宁乡县,距魏家冲 约73米,距望塔仑 约243米",112.525257,28.256314,0.0,17.009000937289454
226,,2017-06-10 03:46:10,0.0,0.0,"ACC开,3D定位,天线正常","湖南省长沙市宁乡县,距魏家冲 约77米,距望塔仑 约242米",112.525216,28.256358,0.0,6.32957736808648
227,,2017-06-10 03:47:10,0.0,0.0,"ACC开,3D定位,天线正常","湖南省长沙市宁乡县,距魏家冲 约80米,距望塔仑 约244米",112.525192,28.256365,0.0,2.476193725773004
228,,2017-06-10 03:48:10,0.0,0.0,"ACC开,3D定位,天线正常","湖南省长沙市宁乡县,距魏家冲 约80米,距望塔仑 约244米",112.52519,28.256368,0.0,0.386848691592132
229,,2017-06-10 03:49:10,0.0,0.0,"ACC开,3D定位,天线正常","湖南省长沙市宁乡县,距魏家冲 约82米,距望塔仑 约246米",112.525164,28.256368,0.0,2.5465666007882404
230,,2017-06-10 03:50:10,0.0,0.0,"ACC开,3D定位,天线正常","湖南省长沙市宁乡县,距魏家冲 约80米,距望塔仑 约244米",112.52518899999998,28.256368,0.0,2.4486217298976705
231,,2017-06-10 03:51:10,0.0,0.0,"ACC开,3D定位,天线正常","湖南省长沙市宁乡县,距魏家冲 约80米,距望塔仑 约244米",112.525184,28.256375,0.0,0.9196101904381102
232,,2017-06-10 03:52:10,0.0,0.0,"ACC开,3D定位,天线正常","湖南省长沙市宁乡县,距魏家冲 约81米,距望塔仑 约243米",112.525175,28.256386,0.0,1.5076918629009215
233,,2017-06-10 03:53:10,0.0,0.0,"ACC开,3D定位,天线正常","湖南省长沙市宁乡县,距魏家冲 约82米,距望塔仑 约244米",112.525169,28.256386,0.0,0.5876691173935824
234,,2017-06-10 03:54:10,0.0,0.0,"ACC开,3D定位,天线正常","湖南省长沙市宁乡县,距魏家冲 约82米,距望塔仑 约244米",112.525168,28.256385,0.0,0.14818077024208726
235,,2017-06-10 03:55:10,0.0,0.0,"ACC开,3D定位,天线正常","湖南省长沙市宁乡县,距魏家冲 约82米,距望塔仑 约244米",112.525168,28.256379,0.0,0.6671705025075098
236,,2017-06-10 03:56:10,0.0,0.0,"ACC开,3D定位,天线正常","湖南省长沙市宁乡县,距魏家冲 约84米,距望塔仑 约246米",112.525149,28.256383000000003,0.0,1.9133669194001448
237,,2017-06-10 03:57:10,0.0,0.0,"ACC开,3D定位,天线正常","湖南省长沙市宁乡县,距魏家冲 约83米,距望塔仑 约245米",112.525156,28.256382,0.0,0.6945724541542084
238,,2017-06-10 03:58:10,0.0,0.0,"ACC开,3D定位,天线正常","湖南省长沙市宁乡县,距魏家冲 约83米,距望塔仑 约244米",112.525158,28.256392,0.0,1.1290737086015814
239,,2017-06-10 03:59:10,0.0,0.0,"ACC开,3D定位,天线正常","湖南省长沙市宁乡县,距魏家冲 约86米,距望塔仑 约248米",112.525125,28.256367,0.0,4.2631803136480215
240,,2017-06-10 04:00:10,0.0,0.0,"ACC开,3D定位,天线正常","湖南省长沙市宁乡县,距魏家冲 约86米,距望塔仑 约246米",112.525131,28.256393,0.0,2.9501954788923044
241,,2017-06-10 04:01:10,0.0,0.0,"ACC开,3D定位,天线正常","湖南省长沙市宁乡县,距魏家冲 约86米,距望塔仑 约246米",112.525129,28.256392,0.0,0.22524901449183735
242,,2017-06-10 04:02:10,0.0,0.0,"ACC开,3D定位,天线正常","湖南省长沙市宁乡县,距魏家冲 约87米,距望塔仑 约248米",112.525121,28.256383000000003,0.0,1.2710139604182693
243,,2017-06-10 04:03:10,0.0,0.0,"ACC开,3D定位,天线正常","湖南省长沙市宁乡县,距魏家冲 约87米,距望塔仑 约251米",112.525112,28.256339,0.0,4.9713603972437514
244,,2017-06-10 04:04:10,0.0,0.0,"ACC开,3D定位,天线正常","湖南省长沙市宁乡县,距魏家冲 约87米,距望塔仑 约252米",112.525108,28.256337,0.0,0.4504982040516956
245,,2017-06-10 04:05:10,0.0,0.0,"ACC开,3D定位,天线正常","湖南省长沙市宁乡县,距魏家冲 约87米,距望塔仑 约252米",112.525108,28.256339,0.0,0.22239016762039024
246,,2017-06-10 04:06:10,0.0,0.0,"ACC开,3D定位,天线正常","湖南省长沙市宁乡县,距魏家冲 约88米,距望塔仑 约252米",112.525106,28.256343,0.0,0.4860065377776482
247,,2017-06-10 04:07:10,0.0,0.0,"ACC开,3D定位,天线正常","湖南省长沙市宁乡县,距魏家冲 约88米,距望塔仑 约252米",112.525103,28.256341,0.0,0.3685053678433163
248,,2017-06-10 04:08:10,0.0,0.0,"ACC开,3D定位,天线正常","湖南省长沙市宁乡县,距魏家冲 约88米,距望塔仑 约252米",112.525102,28.256342,0.0,0.1481807975701967
249,,2017-06-10 04:09:10,0.0,0.0,"ACC开,3D定位,天线正常","湖南省长沙市宁乡县,距魏家冲 约89米,距望塔仑 约253米",112.525093,28.256342,0.0,0.8815040393006432
250,,2017-06-10 04:10:10,0.0,0.0,"ACC开,3D定位,天线正常","湖南省长沙市宁乡县,距魏家冲 约89米,距望塔仑 约253米",112.525095,28.256342,0.0,0.19588978581898944
251,,2017-06-10 04:11:10,0.0,0.0,"ACC开,3D定位,天线正常","湖南省长沙市宁乡县,距魏家冲 约89米,距望塔仑 约253米",112.525093,28.256343,0.0,0.2252490942457063
252,,2017-06-10 04:12:10,0.0,0.0,"ACC开,3D定位,天线正常","湖南省长沙市宁乡县,距魏家冲 约89米,距望塔仑 约252米",112.525093,28.256353000000004,0.0,1.1119508377482945
253,,2017-06-10 04:13:10,0.0,0.0,"ACC开,3D定位,天线正常","湖南省长沙市宁乡县,距魏家冲 约90米,距望塔仑 约252米",112.525083,28.256359000000003,0.0,1.1850892096334051
254,,2017-06-10 04:14:10,0.0,0.0,"ACC开,3D定位,天线正常","湖南省长沙市宁乡县,距魏家冲 约90米,距望塔仑 约253米",112.525079,28.256356,0.0,0.5145583630594511
255,,2017-06-10 04:15:10,0.0,0.0,"ACC开,3D定位,天线正常","湖南省长沙市宁乡县,距魏家冲 约91米,距望塔仑 约253米",112.525078,28.256354,0.0,0.24300326412241105
256,,2017-06-10 04:16:10,0.0,0.0,"ACC开,3D定位,天线正常","湖南省长沙市宁乡县,距魏家冲 约90米,距望塔仑 约254米",112.525079,28.256344,0.0,1.1162561826634634
257,,2017-06-10 04:17:10,0.0,0.0,"ACC开,3D定位,天线正常","湖南省长沙市宁乡县,距魏家冲 约90米,距望塔仑 约253米",112.525083,28.256344,0.0,0.3917795655338925
258,,2017-06-10 04:18:10,0.0,0.0,"ACC开,3D定位,天线正常","湖南省长沙市宁乡县,距魏家冲 约89米,距望塔仑 约251米",112.525095,28.256358,0.0,1.9505980639130045
259,,2017-06-10 04:19:10,0.0,0.0,"ACC开,3D定位,天线正常","湖南省长沙市宁乡县,距魏家冲 约89米,距望塔仑 约251米",112.525098,28.256362,0.0,0.5330744195338537
260,,2017-06-10 04:20:10,0.0,0.0,"ACC开,3D定位,天线正常","湖南省长沙市宁乡县,距魏家冲 约88米,距望塔仑 约249米",112.525104,28.256375,0.0,1.5604261234442256
261,,2017-06-10 04:21:10,0.0,0.0,"ACC开,3D定位,天线正常","湖南省长沙市宁乡县,距魏家冲 约88米,距望塔仑 约249米",112.525107,28.256381,0.0,0.7290097670849
262,,2017-06-10 04:22:10,0.0,0.0,"ACC开,3D定位,天线正常","湖南省长沙市宁乡县,距魏家冲 约86米,距望塔仑 约250米",112.52512,28.256351,0.0,3.5705969250765377
263,,2017-06-10 04:23:10,0.0,0.0,"ACC开,3D定位,天线正常","湖南省长沙市宁乡县,距魏家冲 约87米,距望塔仑 约250米",112.525118,28.256354,0.0,0.3868487052498532
264,,2017-06-10 04:24:10,0.0,0.0,"ACC开,3D定位,天线正常","湖南省长沙市宁乡县,距魏家冲 约87米,距望塔仑 约250米",112.525114,28.256362,0.0,0.9720130518963944
265,,2017-06-10 04:25:10,0.0,0.0,"ACC开,3D定位,天线正常","湖南省长沙市宁乡县,距魏家冲 约87米,距望塔仑 约250米",112.525118,28.256359000000003,0.0,0.5145583539771061
266,,2017-06-10 04:26:10,0.0,0.0,"ACC开,3D定位,天线正常","湖南省长沙市宁乡县,距魏家冲 约87米,距望塔仑 约250米",112.525113,28.256363,0.0,0.6615583975588608
267,,2017-06-10 04:27:10,0.0,0.0,"ACC开,3D定位,天线正常","湖南省长沙市宁乡县,距魏家冲 约87米,距望塔仑 约250米",112.525116,28.256357,0.0,0.729009786744575
268,,2017-06-10 04:28:10,0.0,0.0,"ACC开,3D定位,天线正常","湖南省长沙市宁乡县,距魏家冲 约87米,距望塔仑 约250米",112.525116,28.256352000000003,0.0,0.5559754183436522
269,,2017-06-10 04:29:10,0.0,0.0,"ACC开,3D定位,天线正常","湖南省长沙市宁乡县,距魏家冲 约86米,距望塔仑 约251米",112.525119,28.256345,0.0,0.8319806452441602
270,,2017-06-10 04:30:10,0.0,0.0,"ACC开,3D定位,天线正常","湖南省长沙市宁乡县,距魏家冲 约86米,距望塔仑 约250米",112.525119,28.256347,0.0,0.22239016762039024
271,,2017-06-10 04:31:10,0.0,0.0,"ACC开,3D定位,天线正常","湖南省长沙市宁乡县,距魏家冲 约87米,距望塔仑 约250米",112.525117,28.256348,0.0,0.22524908643012825
272,,2017-06-10 04:32:10,0.0,0.0,"ACC开,3D定位,天线正常","湖南省长沙市宁乡县,距魏家冲 约87米,距望塔仑 约250米",112.525115,28.256354,0.0,0.6953339355314918
273,,2017-06-10 04:33:10,0.0,0.0,"ACC开,3D定位,天线正常","湖南省长沙市宁乡县,距魏家冲 约87米,距望塔仑 约250米",112.525114,28.256355,0.0,0.1481807891446359
274,,2017-06-10 04:34:10,0.0,0.0,"ACC开,3D定位,天线正常","湖南省长沙市宁乡县,距魏家冲 约87米,距望塔仑 约251米",112.525114,28.25635,0.0,0.5559754179899901
275,,2017-06-10 04:35:10,0.0,0.0,"ACC开,3D定位,天线正常","湖南省长沙市宁乡县,距魏家冲 约88米,距望塔仑 约254米",112.5251,28.256319,0.0,3.709771556122554
276,,2017-06-10 04:36:10,0.0,0.0,"ACC开,3D定位,天线正常","湖南省长沙市宁乡县,距魏家冲 约88米,距望塔仑 约255米",112.525096,28.25631,0.0,1.0747108406612484
277,,2017-06-10 04:37:10,0.0,0.0,"ACC开,3D定位,天线正常","湖南省长沙市宁乡县,距魏家冲 约88米,距望塔仑 约255米",112.5251,28.256306,0.0,0.5927232723019534
278,,2017-06-10 04:38:10,0.0,0.0,"ACC开,3D定位,天线正常","湖南省长沙市宁乡县,距魏家冲 约88米,距望塔仑 约255米",112.525101,28.256306,0.0,0.09794492660824523
279,,2017-06-10 04:39:10,0.0,0.0,"ACC开,3D定位,天线正常","湖南省长沙市宁乡县,距魏家冲 约88米,距望塔仑 约255米",112.525103,28.25630300000001,0.0,0.3868487483203191
280,,2017-06-10 04:40:10,0.0,0.0,"ACC开,3D定位,天线正常","湖南省长沙市宁乡县,距魏家冲 约87米,距望塔仑 约253米",112.525115,28.256319,0.0,2.132297971176219
281,,2017-06-10 04:41:10,0.0,0.0,"ACC开,3D定位,天线正常","湖南省长沙市宁乡县,距魏家冲 约87米,距望塔仑 约253米",112.525111,28.256325,0.0,0.7736974653917983
282,,2017-06-10 04:42:10,0.0,0.0,"ACC开,3D定位,天线正常","湖南省长沙市宁乡县,距魏家冲 约87米,距望塔仑 约252米",112.525115,28.256325,0.0,0.3917796316221903
283,,2017-06-10 04:43:10,0.0,0.0,"ACC开,3D定位,天线正常","湖南省长沙市宁乡县,距魏家冲 约87米,距望塔仑 约252米",112.525116,28.256326,0.0,0.14818080893411914
284,,2017-06-10 04:44:10,0.0,0.0,"ACC开,3D定位,天线正常","湖南省长沙市宁乡县,距魏家冲 约87米,距望塔仑 约253米",112.525116,28.25632,0.0,0.6671705025075098
285,,2017-06-10 04:45:10,0.0,0.0,"ACC开,3D定位,天线正常","湖南省长沙市宁乡县,距魏家冲 约87米,距望塔仑 约252米",112.525116,28.25633,0.0,1.1119508366873083
286,,2017-06-10 04:46:10,0.0,0.0,"ACC开,3D定位,天线正常","湖南省长沙市宁乡县,距魏家冲 约87米,距望塔仑 约251米",112.525113,28.25634,0.0,1.1501189054456604
287,,2017-06-10 04:47:10,0.0,0.0,"ACC开,3D定位,天线正常","湖南省长沙市宁乡县,距魏家冲 约89米,距望塔仑 约252米",112.525091,28.256348,0.0,2.331185926325956
288,,2017-06-10 04:48:10,0.0,0.0,"ACC开,3D定位,天线正常","湖南省长沙市宁乡县,距魏家冲 约90米,距望塔仑 约253米",112.52508600000002,28.256343,0.0,0.7409039745849236
289,,2017-06-10 04:49:10,0.0,0.0,"ACC开,3D定位,天线正常","湖南省长沙市宁乡县,距魏家冲 约90米,距望塔仑 约252米",112.52508799999998,28.256352000000003,0.0,1.0197474606041244
290,,2017-06-10 04:50:10,0.0,0.0,"ACC开,3D定位,天线正常","湖南省长沙市宁乡县,距魏家冲 约89米,距望塔仑 约252米",112.525089,28.256354,0.0,0.24300326448762224
291,,2017-06-10 04:51:10,0.0,0.0,"ACC开,3D定位,天线正常","湖南省长沙市宁乡县,距魏家冲 约87米,距望塔仑 约253米",112.525111,28.256323,0.0,4.065125736683551
292,,2017-06-10 04:52:10,0.0,0.0,"ACC开,3D定位,天线正常","湖南省长沙市宁乡县,距魏家冲 约88米,距望塔仑 约253米",112.525104,28.25633,0.0,1.0372656493246857
293,,2017-06-10 04:53:10,0.0,0.0,"ACC开,3D定位,天线正常","湖南省长沙市宁乡县,距魏家冲 约87米,距望塔仑 约252米",112.525111,28.256333,0.0,0.7624605676116886
294,,2017-06-10 04:54:10,0.0,0.0,"ACC开,3D定位,天线正常","湖南省长沙市宁乡县,距魏家冲 约87米,距望塔仑 约251米",112.525111,28.256345,0.0,1.334341004661365
295,,2017-06-10 04:55:10,0.0,0.0,"ACC开,3D定位,天线正常","湖南省长沙市宁乡县,距魏家冲 约87米,距望塔仑 约251米",112.52511,28.256351,0.0,0.6743216450962325
296,,2017-06-10 04:56:10,0.0,0.0,"ACC开,3D定位,天线正常","湖南省长沙市宁乡县,距魏家冲 约87米,距望塔仑 约251米",112.525111,28.25635,0.0,0.14818079258630926
297,,2017-06-10 04:57:10,0.0,0.0,"ACC开,3D定位,天线正常","湖南省长沙市宁乡县,距魏家冲 约87米,距望塔仑 约250米",112.525117,28.25636,0.0,1.2576922727054565
298,,2017-06-10 04:58:10,0.0,0.0,"ACC开,3D定位,天线正常","湖南省长沙市宁乡县,距魏家冲 约88米,距望塔仑 约249米",112.525111,28.256375,0.0,1.768426731436424
299,,2017-06-10 04:59:10,0.0,0.0,"ACC开,3D定位,天线正常","湖南省长沙市宁乡县,距魏家冲 约88米,距望塔仑 约249米",112.525107,28.256385,0.0,1.1789511399132568
300,,2017-06-10 05:00:10,0.0,0.0,"ACC开,3D定位,天线正常","湖南省长沙市宁乡县,距魏家冲 约88米,距望塔仑 约246米",112.525113,28.25641,0.0,2.8413151123021514
301,,2017-06-10 05:01:10,0.0,0.0,"ACC开,3D定位,天线正常","湖南省长沙市宁乡县,距魏家冲 约87米,距望塔仑 约245米",112.52512,28.256417,0.0,1.0372652792188408
302,,2017-06-10 05:02:10,0.0,0.0,"ACC开,3D定位,天线正常","湖南省长沙市宁乡县,距魏家冲 约88米,距望塔仑 约245米",112.525116,28.256418,0.0,0.4072534382956125
303,,2017-06-10 05:03:10,0.0,0.0,"ACC开,3D定位,天线正常","湖南省长沙市宁乡县,距魏家冲 约88米,距望塔仑 约245米",112.525117,28.256423,0.0,0.5645368490186663
304,,2017-06-10 05:04:10,0.0,0.0,"ACC开,3D定位,天线正常","湖南省长沙市宁乡县,距魏家冲 约88米,距望塔仑 约246米",112.525116,28.256414000000003,0.0,1.0055373017523437
305,,2017-06-10 05:05:10,0.0,0.0,"ACC开,3D定位,天线正常","湖南省长沙市宁乡县,距魏家冲 约88米,距望塔仑 约247米",112.52511,28.25641,0.0,0.7370104251005581
306,,2017-06-10 05:06:10,0.0,0.0,"ACC开,3D定位,天线正常","湖南省长沙市宁乡县,距魏家冲 约89米,距望塔仑 约247米",112.525099,28.256412,0.0,1.1001060590595986
307,,2017-06-10 05:07:10,0.0,0.0,"ACC开,3D定位,天线正常","湖南省长沙市宁乡县,距魏家冲 约90米,距望塔仑 约248米",112.525087,28.256415000000004,0.0,1.2217603548026728
308,,2017-06-10 05:08:10,0.0,0.0,"ACC开,3D定位,天线正常","湖南省长沙市宁乡县,距魏家冲 约90米,距望塔仑 约248米",112.525091,28.256406,0.0,1.0747107117972898
309,,2017-06-10 05:09:10,0.0,0.0,"ACC开,3D定位,天线正常","湖南省长沙市宁乡县,距魏家冲 约90米,距望塔仑 约248米",112.52509,28.256406,0.0,0.09794483348509543
310,,2017-06-10 05:10:10,0.0,0.0,"ACC开,3D定位,天线正常","湖南省长沙市宁乡县,距魏家冲 约90米,距望塔仑 约248米",112.52508799999998,28.256408,0.0,0.2963615167782134
311,,2017-06-10 05:11:10,0.0,0.0,"ACC开,3D定位,天线正常","湖南省长沙市宁乡县,距魏家冲 约91米,距望塔仑 约249米",112.525079,28.256406,0.0,0.9091236472732068
312,,2017-06-10 05:12:10,0.0,0.0,"ACC开,3D定位,天线正常","湖南省长沙市宁乡县,距魏家冲 约92米,距望塔仑 约249米",112.52507,28.256414000000003,0.0,1.252344427085701
313,,2017-06-10 05:13:10,0.0,0.0,"ACC开,3D定位,天线正常","湖南省长沙市宁乡县,距魏家冲 约92米,距望塔仑 约249米",112.525072,28.256417,0.0,0.3868486459984997
314,,2017-06-10 05:14:10,0.0,0.0,"ACC开,3D定位,天线正常","湖南省长沙市宁乡县,距魏家冲 约92米,距望塔仑 约248米",112.525076,28.256427,0.0,1.1789510882056191
315,,2017-06-10 05:15:10,0.0,0.0,"ACC开,3D定位,天线正常","湖南省长沙市宁乡县,距魏家冲 约91米,距望塔仑 约247米",112.52508799999998,28.256423,0.0,1.2566815401292943
316,,2017-06-10 05:16:10,0.0,0.0,"ACC开,3D定位,天线正常","湖南省长沙市宁乡县,距魏家冲 约91米,距望塔仑 约248米",112.525082,28.256415000000004,0.0,1.0661486562211195
317,,2017-06-10 05:17:10,0.0,0.0,"ACC开,3D定位,天线正常","湖南省长沙市宁乡县,距魏家冲 约92米,距望塔仑 约248米",112.525076,28.25642,0.0,0.8089891550118921
318,,2017-06-10 05:18:10,0.0,0.0,"ACC开,3D定位,天线正常","湖南省长沙市宁乡县,距魏家冲 约90米,距望塔仑 约248米",112.525093,28.256401,0.0,2.689974159284603
319,,2017-06-10 05:19:10,0.0,0.0,"ACC开,3D定位,天线正常","湖南省长沙市宁乡县,距魏家冲 约91米,距望塔仑 约249米",112.525083,28.256406,0.0,1.1262449850047058
320,,2017-06-10 05:20:10,0.0,0.0,"ACC开,3D定位,天线正常","湖南省长沙市宁乡县,距魏家冲 约91米,距望塔仑 约249米",112.52508,28.256413,0.0,0.8319805863907302
321,,2017-06-10 05:21:10,0.0,0.0,"ACC开,3D定位,天线正常","湖南省长沙市宁乡县,距魏家冲 约93米,距望塔仑 约251米",112.525058,28.256406,0.0,2.2910602184113067
322,,2017-06-10 05:22:10,0.0,0.0,"ACC开,3D定位,天线正常","湖南省长沙市宁乡县,距魏家冲 约93米,距望塔仑 约251米",112.525063,28.256403,0.0,0.592544420215699
323,,2017-06-10 05:23:10,0.0,0.0,"ACC开,3D定位,天线正常","湖南省长沙市宁乡县,距魏家冲 约91米,距望塔仑 约249米",112.525079,28.256414000000003,0.0,1.9879493505120631
324,,2017-06-10 05:24:10,0.0,0.0,"ACC开,3D定位,天线正常","湖南省长沙市宁乡县,距魏家冲 约92米,距望塔仑 约249米",112.525073,28.256414000000003,0.0,0.5876689630398775
325,,2017-06-10 05:25:10,0.0,0.0,"ACC开,3D定位,天线正常","湖南省长沙市宁乡县,距魏家冲 约93米,距望塔仑 约249米",112.525063,28.256426,0.0,1.6552295073278624
326,,2017-06-10 05:26:10,0.0,0.0,"ACC开,3D定位,天线正常","湖南省长沙市宁乡县,距魏家冲 约93米,距望塔仑 约249米",112.525059,28.256426,0.0,0.3917792616846553
327,,2017-06-10 05:27:10,0.0,0.0,"ACC开,3D定位,天线正常","湖南省长沙市宁乡县,距魏家冲 约93米,距望塔仑 约249米",112.525058,28.256424,0.0,0.2430032388808352
328,,2017-06-10 05:28:10,0.0,0.0,"ACC开,3D定位,天线正常","湖南省长沙市宁乡县,距魏家冲 约94米,距望塔仑 约250米",112.525055,28.256427,0.0,0.4445422399301093
329,,2017-06-10 05:29:10,0.0,0.0,"ACC开,3D定位,天线正常","湖南省长沙市宁乡县,距魏家冲 约93米,距望塔仑 约248米",112.525067,28.256439,0.0,1.778168905297535
330,,2017-06-10 05:30:10,0.0,0.0,"ACC开,3D定位,天线正常","湖南省长沙市宁乡县,距魏家冲 约93米,距望塔仑 约249米",112.525062,28.256426,0.0,1.526238587850112
331,,2017-06-10 05:31:10,0.0,0.0,"ACC开,3D定位,天线正常","湖南省长沙市宁乡县,距魏家冲 约93米,距望塔仑 约249米",112.525064,28.256431,0.0,0.589475539320191
332,,2017-06-10 05:32:10,0.0,0.0,"ACC开,3D定位,天线正常","湖南省长沙市宁乡县,距魏家冲 约93米,距望塔仑 约248米",112.525068,28.256434,0.0,0.5145581535662236
333,,2017-06-10 05:33:10,0.0,0.0,"ACC开,3D定位,天线正常","湖南省长沙市宁乡县,距魏家冲 约91米,距望塔仑 约247米",112.52508600000002,28.256432,0.0,1.7769776503044057
334,,2017-06-10 05:34:10,0.0,0.0,"ACC开,3D定位,天线正常","湖南省长沙市宁乡县,距魏家冲 约91米,距望塔仑 约247米",112.525084,28.256425,0.0,0.8026367372917105
335,,2017-06-10 05:35:10,0.0,0.0,"ACC开,3D定位,天线正常","湖南省长沙市宁乡县,距魏家冲 约91米,距望塔仑 约247米",112.525087,28.256424,0.0,0.3141703865678477
336,,2017-06-10 05:36:10,0.0,0.0,"ACC开,3D定位,天线正常","湖南省长沙市宁乡县,距魏家冲 约91米,距望塔仑 约247米",112.525087,28.256425,0.0,0.11119508381019512
337,,2017-06-10 05:37:10,0.0,0.0,"ACC开,3D定位,天线正常","湖南省长沙市宁乡县,距魏家冲 约91米,距望塔仑 约248米",112.525087,28.25642,0.0,0.5559754186973143
338,,2017-06-10 05:38:10,0.0,0.0,"ACC开,3D定位,天线正常","湖南省长沙市宁乡县,距魏家冲 约91米,距望塔仑 约248米",112.525083,28.256421000000003,0.0,0.4072534277858238
339,,2017-06-10 05:39:10,0.0,0.0,"ACC开,3D定位,天线正常","湖南省长沙市宁乡县,距魏家冲 约91米,距望塔仑 约248米",112.525081,28.256424,0.0,0.38684864011609776
340,,2017-06-10 05:40:10,0.0,0.0,"ACC开,3D定位,天线正常","湖南省长沙市宁乡县,距魏家冲 约91米,距望塔仑 约248米",112.525083,28.256421000000003,0.0,0.3868486397643922
341,,2017-06-10 05:41:10,0.0,0.0,"ACC开,3D定位,天线正常","湖南省长沙市宁乡县,距魏家冲 约92米,距望塔仑 约249米",112.525073,28.256421000000003,0.0,0.9794482070036904
342,,2017-06-10 05:42:10,0.0,0.0,"ACC开,3D定位,天线正常","湖南省长沙市宁乡县,距魏家冲 约97米,距望塔仑 约244米",112.525046,28.256518,0.0,11.105384512414377
343,,2017-06-10 05:43:10,0.0,0.0,"ACC开,3D定位,天线正常","湖南省长沙市宁乡县,距魏家冲 约94米,距望塔仑 约250米",112.525051,28.25642,0.0,10.90811691580383
344,,2017-06-10 05:44:10,0.0,0.0,"ACC开,3D定位,天线正常","湖南省长沙市宁乡县,距魏家冲 约93米,距望塔仑 约250米",112.525064,28.256411,0.0,1.619494053496722
345,,2017-06-10 05:45:10,0.0,0.0,"ACC开,3D定位,天线正常","湖南省长沙市宁乡县,距魏家冲 约92米,距望塔仑 约250米",112.525068,28.256409,0.0,0.4504979739347438
346,,2017-06-10 05:46:10,0.0,0.0,"ACC开,3D定位,天线正常","湖南省长沙市宁乡县,距魏家冲 约92米,距望塔仑 约250米",112.525069,28.25641,0.0,0.14818075683261905
347,,2017-06-10 05:47:10,0.0,0.0,"ACC开,3D定位,天线正常","湖南省长沙市宁乡县,距魏家冲 约92米,距望塔仑 约250米",112.525066,28.256408,0.0,0.36850521959723215
348,,2017-06-10 05:48:10,0.0,0.0,"ACC开,3D定位,天线正常","湖南省长沙市宁乡县,距魏家冲 约92米,距望塔仑 约250米",112.52506499999998,28.256407,0.0,0.14818075797068825
349,,2017-06-10 05:49:10,0.0,0.0,"ACC开,3D定位,天线正常","湖南省长沙市宁乡县,距魏家冲 约92米,距望塔仑 约250米",112.525067,28.256407,0.0,0.1958896676247975
350,,2017-06-10 05:50:10,0.0,0.0,"ACC开,3D定位,天线正常","湖南省长沙市宁乡县,距魏家冲 约92米,距望塔仑 约250米",112.525068,28.256408,0.0,0.14818075722356944
351,,2017-06-10 05:51:10,0.0,0.0,"ACC开,3D定位,天线正常","湖南省长沙市宁乡县,距魏家冲 约91米,距望塔仑 约250米",112.525075,28.256404,0.0,0.8172489745780789
352,,2017-06-10 05:52:10,0.0,0.0,"ACC开,3D定位,天线正常","湖南省长沙市宁乡县,距魏家冲 约91米,距望塔仑 约249米",112.525079,28.256406,0.0,0.4504979900221258
353,,2017-06-10 05:53:10,0.0,0.0,"ACC开,3D定位,天线正常","湖南省长沙市宁乡县,距魏家冲 约90米,距望塔仑 约248米",112.525087,28.256408,0.0,0.8145069507982984
354,,2017-06-10 05:54:10,0.0,0.0,"ACC开,3D定位,天线正常","湖南省长沙市宁乡县,距魏家冲 约90米,距望塔仑 约248米",112.525093,28.256408,0.0,0.5876689936235322
355,,2017-06-10 05:55:10,0.0,0.0,"ACC开,3D定位,天线正常","湖南省长沙市宁乡县,距魏家冲 约89米,距望塔仑 约247米",112.5251,28.256409,0.0,0.6945722878716486
356,,2017-06-10 05:56:10,0.0,0.0,"ACC开,3D定位,天线正常","湖南省长沙市宁乡县,距魏家冲 约88米,距望塔仑 约247米",112.525106,28.256407,0.0,0.628340859547836
357,,2017-06-10 05:57:10,0.0,0.0,"ACC开,3D定位,天线正常","湖南省长沙市宁乡县,距魏家冲 约88米,距望塔仑 约246米",112.525115,28.256408,0.0,0.8884890300270614
358,,2017-06-10 05:58:10,0.0,0.0,"ACC开,3D定位,天线正常","湖南省长沙市宁乡县,距魏家冲 约87米,距望塔仑 约245米",112.525126,28.256411,0.0,1.1278542048661346
359,,2017-06-10 05:59:10,0.0,0.0,"ACC开,3D定位,天线正常","湖南省长沙市宁乡县,距魏家冲 约86米,距望塔仑 约244米",112.525134,28.256413,0.0,0.8145069153472424
360,,2017-06-10 06:00:10,0.0,0.0,"ACC开,3D定位,天线正常","湖南省长沙市宁乡县,距魏家冲 约85米,距望塔仑 约243米",112.525145,28.256417,0.0,1.1655922992639305
361,,2017-06-10 06:01:10,0.0,0.0,"ACC开,3D定位,天线正常","湖南省长沙市宁乡县,距魏家冲 约84米,距望塔仑 约242米",112.525157,28.256417,0.0,1.1753378917578687
362,,2017-06-10 06:02:10,0.0,0.0,"ACC开,3D定位,天线正常","湖南省长沙市宁乡县,距魏家冲 约83米,距望塔仑 约242米",112.525164,28.256419,0.0,0.7207798676340191
363,,2017-06-10 06:03:10,0.0,0.0,"ACC开,3D定位,天线正常","湖南省长沙市宁乡县,距魏家冲 约83米,距望塔仑 约242米",112.525166,28.256418,0.0,0.2252489740265644
364,,2017-06-10 06:04:10,0.0,0.0,"ACC开,3D定位,天线正常","湖南省长沙市宁乡县,距魏家冲 约83米,距望塔仑 约242米",112.525165,28.25642,0.0,0.2430032408724109
365,,2017-06-10 06:05:10,0.0,0.0,"ACC开,3D定位,天线正常","湖南省长沙市宁乡县,距魏家冲 约84米,距望塔仑 约242米",112.52516,28.25642,0.0,0.4897241043574822
366,,2017-06-10 06:06:10,0.0,0.0,"ACC开,3D定位,天线正常","湖南省长沙市宁乡县,距魏家冲 约84米,距望塔仑 约242米",112.525158,28.256423,0.0,0.3868486413515488
367,,2017-06-10 06:07:10,0.0,0.0,"ACC开,3D定位,天线正常","湖南省长沙市宁乡县,距魏家冲 约83米,距望塔仑 约241米",112.525164,28.256427,0.0,0.7370103680386766
368,,2017-06-10 06:08:10,0.0,0.0,"ACC开,3D定位,天线正常","湖南省长沙市宁乡县,距魏家冲 约83米,距望塔仑 约241米",112.525167,28.256427,0.0,0.2938344450647671
369,,2017-06-10 06:09:10,0.0,0.0,"ACC开,3D定位,天线正常","湖南省长沙市宁乡县,距魏家冲 约83米,距望塔仑 约241米",112.525164,28.256436,0.0,1.043000839717988
370,,2017-06-10 06:10:10,0.0,0.0,"ACC开,3D定位,天线正常","湖南省长沙市宁乡县,距魏家冲 约85米,距望塔仑 约240米",112.525155,28.256448,0.0,1.5992228821390362
371,,2017-06-10 06:11:10,0.0,0.0,"ACC开,3D定位,天线正常","湖南省长沙市宁乡县,距魏家冲 约85米,距望塔仑 约240米",112.525149,28.256456,0.0,1.0661485586130663
372,,2017-06-10 06:12:10,0.0,0.0,"ACC开,3D定位,天线正常","湖南省长沙市宁乡县,距魏家冲 约86米,距望塔仑 约240米",112.525147,28.256464,0.0,0.9108737062900784
373,,2017-06-10 06:13:10,0.0,0.0,"ACC开,3D定位,天线正常","湖南省长沙市宁乡县,距魏家冲 约87米,距望塔仑 约240米",112.52513799999998,28.25647,0.0,1.1055152780558115
374,,2017-06-10 06:14:10,0.0,0.0,"ACC开,3D定位,天线正常","湖南省长沙市宁乡县,距魏家冲 约87米,距望塔仑 约240米",112.525142,28.256474,0.0,0.5927228748773996
375,,2017-06-10 06:15:10,0.0,0.0,"ACC开,3D定位,天线正常","湖南省长沙市宁乡县,距魏家冲 约86米,距望塔仑 约239米",112.525143,28.256477,0.0,0.3476669356671665
376,,2017-06-10 06:16:10,0.0,0.0,"ACC开,3D定位,天线正常","湖南省长沙市宁乡县,距魏家冲 约86米,距望塔仑 约239米",112.525145,28.256481,0.0,0.486006435892949
377,,2017-06-10 06:17:10,0.0,0.0,"ACC开,3D定位,天线正常","湖南省长沙市宁乡县,距魏家冲 约86米,距望塔仑 约238米",112.525154,28.256481,0.0,0.8815028886703015
378,,2017-06-10 06:18:10,0.0,0.0,"ACC开,3D定位,天线正常","湖南省长沙市宁乡县,距魏家冲 约85米,距望塔仑 约238米",112.525158,28.256481,0.0,0.391779063292678
379,,2017-06-10 06:19:10,0.0,0.0,"ACC开,3D定位,天线正常","湖南省长沙市宁乡县,距魏家冲 约85米,距望塔仑 约237米",112.525157,28.256488,0.0,0.7845037683563443
380,,2017-06-10 06:20:10,0.0,0.0,"ACC开,3D定位,天线正常","湖南省长沙市宁乡县,距魏家冲 约85米,距望塔仑 约237米",112.52516,28.256485,0.0,0.444542130019531
381,,2017-06-10 06:21:10,0.0,0.0,"ACC开,3D定位,天线正常","湖南省长沙市宁乡县,距魏家冲 约86米,距望塔仑 约237米",112.525155,28.256490000000003,0.0,0.7409035472879263
382,,2017-06-10 06:22:10,0.0,0.0,"ACC开,3D定位,天线正常","湖南省长沙市宁乡县,距魏家冲 约88米,距望塔仑 约237米",112.52513700000002,28.25651,0.0,2.837944135407468
383,,2017-06-10 06:23:10,0.0,0.0,"ACC开,3D定位,天线正常","湖南省长沙市宁乡县,距魏家冲 约88米,距望塔仑 约236米",112.525143,28.256518,0.0,1.0661483692373257
384,,2017-06-10 06:24:10,0.0,0.0,"ACC开,3D定位,天线正常","湖南省长沙市宁乡县,距魏家冲 约88米,距望塔仑 约236米",112.525147,28.256526,0.0,0.972012808966206
385,,2017-06-10 06:25:10,0.0,0.0,"ACC开,3D定位,天线正常","湖南省长沙市宁乡县,距魏家冲 约87米,距望塔仑 约235米",112.525154,28.25652800000001,0.0,0.7207792010298533
386,,2017-06-10 06:26:10,0.0,0.0,"ACC开,3D定位,天线正常","湖南省长沙市宁乡县,距魏家冲 约96米,距望塔仑 约257米",112.525019,28.256361,0.0,22.796162737109213
387,,2017-06-10 06:27:10,0.0,0.0,"ACC开,3D定位,天线正常","湖南省长沙市宁乡县,距魏家冲 约93米,距望塔仑 约258米",112.525046,28.256317,0.0,5.561548330087478
388,,2017-06-10 06:28:10,0.0,0.0,"ACC开,3D定位,天线正常","湖南省长沙市宁乡县,距魏家冲 约93米,距望塔仑 约258米",112.525048,28.256316,0.0,0.22524913576779074
389,,2017-06-10 06:29:10,0.0,0.0,"ACC开,3D定位,天线正常","湖南省长沙市宁乡县,距魏家冲 约93米,距望塔仑 约257米",112.525051,28.256319,0.0,0.4445424380744157
390,,2017-06-10 06:30:10,0.0,0.0,"ACC开,3D定位,天线正常","湖南省长沙市宁乡县,距魏家冲 约93米,距望塔仑 约257米",112.525051,28.256327,0.0,0.8895606704815637
391,,2017-06-10 06:31:10,0.0,0.0,"ACC开,3D定位,天线正常","湖南省长沙市宁乡县,距魏家冲 约93米,距望塔仑 约256米",112.525052,28.256335,0.0,0.8949365273281911
392,,2017-06-10 06:32:10,0.0,0.0,"ACC开,3D定位,天线正常","湖南省长沙市宁乡县,距魏家冲 约93米,距望塔仑 约256米",112.525052,28.256335,0.0,0.0
393,,2017-06-10 06:33:10,0.0,0.0,"ACC开,3D定位,天线正常","湖南省长沙市宁乡县,距魏家冲 约92米,距望塔仑 约256米",112.525057,28.256339,0.0,0.6615584801253093
394,,2017-06-10 06:34:10,0.0,0.0,"ACC开,3D定位,天线正常","湖南省长沙市宁乡县,距魏家冲 约92米,距望塔仑 约255米",112.525058,28.25634,0.0,0.14818079825400154
395,,2017-06-10 06:35:10,0.0,0.0,"ACC开,3D定位,天线正常","湖南省长沙市宁乡县,距魏家冲 约92米,距望塔仑 约255米",112.525058,28.256342,0.0,0.22239016762039024
396,,2017-06-10 06:36:10,0.0,0.0,"ACC开,3D定位,天线正常","湖南省长沙市宁乡县,距魏家冲 约92米,距望塔仑 约255米",112.52506,28.256341,0.0,0.2252490970752335
397,,2017-06-10 06:37:10,0.0,0.0,"ACC开,3D定位,天线正常","湖南省长沙市宁乡县,距魏家冲 约92米,距望塔仑 约255米",112.525057,28.25634,0.0,0.3141706029863812
398,,2017-06-10 06:38:10,0.0,0.0,"ACC开,3D定位,天线正常","湖南省长沙市宁乡县,距魏家冲 约92米,距望塔仑 约255米",112.525062,28.256341,0.0,0.5021896107727719
399,,2017-06-10 06:39:10,0.0,0.0,"ACC开,3D定位,天线正常","湖南省长沙市宁乡县,距魏家冲 约89米,距望塔仑 约254米",112.525092,28.256323,0.0,3.55526817709217
400,,2017-06-10 06:40:10,0.0,0.0,"ACC开,3D定位,天线正常","湖南省长沙市宁乡县,距魏家冲 约89米,距望塔仑 约255米",112.525094,28.256315,0.0,0.9108737615342304
401,,2017-06-10 06:41:10,0.0,0.0,"ACC开,3D定位,天线正常","湖南省长沙市宁乡县,距魏家冲 约87米,距望塔仑 约254米",112.525111,28.256312,0.0,1.6981507624476646
402,,2017-06-10 06:42:10,0.0,0.0,"ACC开,3D定位,天线正常","湖南省长沙市宁乡县,距魏家冲 约87米,距望塔仑 约254米",112.525111,28.256311,0.0,0.11119508416385716
403,,2017-06-10 06:43:10,0.0,0.0,"ACC开,3D定位,天线正常","湖南省长沙市宁乡县,距魏家冲 约86米,距望塔仑 约252米",112.525125,28.256313,0.0,1.3891457997703949
404,,2017-06-10 06:44:10,0.0,0.0,"ACC开,3D定位,天线正常","湖南省长沙市宁乡县,距魏家冲 约86米,距望塔仑 约252米",112.525119,28.256328000000003,0.0,1.7684268183643632
405,,2017-06-10 06:45:10,0.0,0.0,"ACC开,3D定位,天线正常","湖南省长沙市宁乡县,距魏家冲 约83米,距望塔仑 约250米",112.52515,28.256323,0.0,3.0867748102236297
406,,2017-06-10 06:46:10,0.0,0.0,"ACC开,3D定位,天线正常","湖南省长沙市宁乡县,距魏家冲 约81米,距望塔仑 约247米",112.525171,28.256335,0.0,2.4517481669098773
407,,2017-06-10 06:47:10,0.0,0.0,"ACC开,3D定位,天线正常","湖南省长沙市宁乡县,距魏家冲 约82米,距望塔仑 约247米",112.525167,28.256341,0.0,0.7736974375093513
408,,2017-06-10 06:48:10,0.0,0.0,"ACC开,3D定位,天线正常","湖南省长沙市宁乡县,距魏家冲 约82米,距望塔仑 约247米",112.525168,28.256345,0.0,0.4554368766924506
409,,2017-06-10 06:49:10,0.0,0.0,"ACC开,3D定位,天线正常","湖南省长沙市宁乡县,距魏家冲 约81米,距望塔仑 约246米",112.525174,28.256355,0.0,1.257692286479519
410,,2017-06-10 06:50:10,0.0,0.0,"ACC开,3D定位,天线正常","湖南省长沙市宁乡县,距魏家冲 约81米,距望塔仑 约246米",112.525179,28.256349,0.0,0.8276149386470883
411,,2017-06-10 06:51:10,0.0,0.0,"ACC开,3D定位,天线正常","湖南省长沙市宁乡县,距魏家冲 约81米,距望塔仑 约246米",112.525172,28.256359000000003,0.0,1.3063312989669935
412,,2017-06-10 06:52:10,0.0,0.0,"ACC开,3D定位,天线正常","湖南省长沙市宁乡县,距魏家冲 约81米,距望塔仑 约245米",112.525174,28.256363,0.0,0.4860065229648639
413,,2017-06-10 06:53:10,0.0,0.0,"ACC开,3D定位,天线正常","湖南省长沙市宁乡县,距魏家冲 约84米,距望塔仑 约247米",112.525144,28.256369,0.0,3.013136982956042
414,,2017-06-10 06:54:10,0.0,0.0,"ACC开,3D定位,天线正常","湖南省长沙市宁乡县,距魏家冲 约84米,距望塔仑 约247米",112.525145,28.256369,0.0,0.09794486872572326
415,,2017-06-10 06:55:10,0.0,0.0,"ACC开,3D定位,天线正常","湖南省长沙市宁乡县,距魏家冲 约84米,距望塔仑 约247米",112.525144,28.25637,0.0,0.14818078138967775
416,,2017-06-10 06:56:10,0.0,0.0,"ACC开,3D定位,天线正常","湖南省长沙市宁乡县,距魏家冲 约86米,距望塔仑 约248米",112.525129,28.256366,0.0,1.5350240911198054
417,,2017-06-10 06:57:10,0.0,0.0,"ACC开,3D定位,天线正常","湖南省长沙市宁乡县,距魏家冲 约89米,距望塔仑 约250米",112.525096,28.256377,0.0,3.4558757576516417
418,,2017-06-10 06:58:10,0.0,0.0,"ACC开,3D定位,天线正常","湖南省长沙市宁乡县,距魏家冲 约91米,距望塔仑 约251米",112.525081,28.25638,0.0,1.5065683228819502
419,,2017-06-10 06:59:10,0.0,0.0,"ACC开,3D定位,天线正常","湖南省长沙市宁乡县,距魏家冲 约91米,距望塔仑 约249米",112.525083,28.256406,0.0,2.8977010031040544
420,,2017-06-10 07:00:10,0.0,0.0,"ACC开,3D定位,天线正常","湖南省长沙市宁乡县,距魏家冲 约93米,距望塔仑 约252米",112.525059,28.256392,0.0,2.8194131366506268
421,,2017-06-10 07:01:10,0.0,0.0,"ACC开,3D定位,天线正常","湖南省长沙市宁乡县,距魏家冲 约92米,距望塔仑 约252米",112.525064,28.256386,0.0,0.8276148361422808
422,,2017-06-10 07:02:10,0.0,0.0,"ACC开,3D定位,天线正常","湖南省长沙市宁乡县,距魏家冲 约92米,距望塔仑 约251米",112.525064,28.256391,0.0,0.5559754186973141
423,,2017-06-10 07:03:10,0.0,0.0,"ACC开,3D定位,天线正常","湖南省长沙市宁乡县,距魏家冲 约92米,距望塔仑 约250米",112.525067,28.256403,0.0,1.3663105973306622
424,,2017-06-10 07:04:10,0.0,0.0,"ACC开,3D定位,天线正常","湖南省长沙市宁乡县,距魏家冲 约92米,距望塔仑 约250米",112.525067,28.256403,0.0,0.0
425,,2017-06-10 07:05:10,0.0,0.0,"ACC开,3D定位,天线正常","湖南省长沙市宁乡县,距魏家冲 约92米,距望塔仑 约250米",112.525066,28.256414000000003,0.0,1.227061178134693
426,,2017-06-10 07:06:10,0.0,0.0,"ACC开,3D定位,天线正常","湖南省长沙市宁乡县,距魏家冲 约92米,距望塔仑 约248米",112.525076,28.256419,0.0,1.126244883299687
427,,2017-06-10 07:07:10,0.0,0.0,"ACC开,3D定位,天线正常","湖南省长沙市宁乡县,距魏家冲 约93米,距望塔仑 约249米",112.525066,28.256423,0.0,1.0757082951809993
428,,2017-06-10 07:08:10,0.0,0.0,"ACC开,3D定位,天线正常","湖南省长沙市宁乡县,距魏家冲 约92米,距望塔仑 约248米",112.52507,28.256428000000003,0.0,0.6801467936883646
429,,2017-06-10 07:09:10,0.0,0.0,"ACC开,3D定位,天线正常","湖南省长沙市宁乡县,距魏家冲 约94米,距望塔仑 约249米",112.525053,28.256443,0.0,2.3567792722718033
430,,2017-06-10 07:10:10,0.0,0.0,"ACC开,3D定位,天线正常","湖南省长沙市宁乡县,距魏家冲 约92米,距望塔仑 约247米",112.525072,28.256442,0.0,1.8642703055379382
431,,2017-06-10 07:11:10,0.0,0.0,"ACC开,3D定位,天线正常","湖南省长沙市宁乡县,距魏家冲 约91米,距望塔仑 约248米",112.525081,28.256421000000003,0.0,2.4959416930811718
432,,2017-06-10 07:12:10,0.0,0.0,"ACC开,3D定位,天线正常","湖南省长沙市宁乡县,距魏家冲 约90米,距望塔仑 约245米",112.5251,28.256446,0.0,3.3452737797252605
433,,2017-06-10 07:13:10,0.0,0.0,"ACC开,3D定位,天线正常","湖南省长沙市宁乡县,距魏家冲 约90米,距望塔仑 约244米",112.525103,28.256453000000004,0.0,0.8319805474522575
434,,2017-06-10 07:14:10,0.0,0.0,"ACC开,3D定位,天线正常","湖南省长沙市宁乡县,距魏家冲 约88米,距望塔仑 约243米",112.525116,28.256453000000004,0.0,1.2732822851506589
435,,2017-06-10 07:15:10,0.0,0.0,"ACC开,3D定位,天线正常","湖南省长沙市宁乡县,距魏家冲 约88米,距望塔仑 约244米",112.525114,28.256444,0.0,1.0197474249233638
436,,2017-06-10 07:16:10,0.0,0.0,"ACC开,3D定位,天线正常","湖南省长沙市宁乡县,距魏家冲 约88米,距望塔仑 约243米",112.525116,28.256451,0.0,0.8026367295093311
437,,2017-06-10 07:17:10,0.0,0.0,"ACC开,3D定位,天线正常","湖南省长沙市宁乡县,距魏家冲 约88米,距望塔仑 约243米",112.525119,28.256452000000003,0.0,0.3141703170388498
438,,2017-06-10 07:18:10,0.0,0.0,"ACC开,3D定位,天线正常","湖南省长沙市宁乡县,距魏家冲 约88米,距望塔仑 约243米",112.525119,28.256451,0.0,0.11119508381019512
439,,2017-06-10 07:19:10,0.0,0.0,"ACC开,3D定位,天线正常","湖南省长沙市宁乡县,距魏家冲 约88米,距望塔仑 约243米",112.525117,28.256448,0.0,0.3868486152302329
440,,2017-06-10 07:20:10,0.0,0.0,"ACC开,3D定位,天线正常","湖南省长沙市宁乡县,距魏家冲 约88米,距望塔仑 约243米",112.525116,28.256451,0.0,0.3476669430638999
441,,2017-06-10 07:21:10,0.0,0.0,"ACC开,3D定位,天线正常","湖南省长沙市宁乡县,距魏家冲 约88米,距望塔仑 约244米",112.525121,28.25644,0.0,1.3175414726743044
442,,2017-06-10 07:22:10,0.0,0.0,"ACC开,3D定位,天线正常","湖南省长沙市宁乡县,距魏家冲 约88米,距望塔仑 约244米",112.525119,28.256435,0.0,0.589475534935062
443,,2017-06-10 07:23:10,0.0,0.0,"ACC开,3D定位,天线正常","湖南省长沙市宁乡县,距魏家冲 约87米,距望塔仑 约244米",112.525123,28.256428000000003,0.0,0.8714034431276305
444,,2017-06-10 07:24:10,0.0,0.0,"ACC开,3D定位,天线正常","湖南省长沙市宁乡县,距魏家冲 约87米,距望塔仑 约244米",112.525127,28.256425,0.0,0.5145581699854548
445,,2017-06-10 07:25:10,0.0,0.0,"ACC开,3D定位,天线正常","湖南省长沙市宁乡县,距魏家冲 约87米,距望塔仑 约244米",112.52513,28.256426,0.0,0.3141703840643985
446,,2017-06-10 07:26:10,0.0,0.0,"ACC开,3D定位,天线正常","湖南省长沙市宁乡县,距魏家冲 约87米,距望塔仑 约244米",112.525128,28.256425,0.0,0.22524896158206106
447,,2017-06-10 07:27:10,0.0,0.0,"ACC开,3D定位,天线正常","湖南省长沙市宁乡县,距魏家冲 约85米,距望塔仑 约245米",112.525136,28.256401,0.0,2.7813356114444048
448,,2017-06-10 07:28:10,0.0,0.0,"ACC开,3D定位,天线正常","湖南省长沙市宁乡县,距魏家冲 约86米,距望塔仑 约247米",112.525131,28.256387,0.0,1.6319441653448326
449,,2017-06-10 07:29:10,0.0,0.0,"ACC开,3D定位,天线正常","湖南省长沙市宁乡县,距魏家冲 约86米,距望塔仑 约248米",112.525127,28.256378,0.0,1.0747107489009675
450,,2017-06-10 07:30:10,0.0,0.0,"ACC开,3D定位,天线正常","湖南省长沙市宁乡县,距魏家冲 约86米,距望塔仑 约248米",112.525122,28.256377,0.0,0.5021894463746522
451,,2017-06-10 07:31:10,0.0,0.0,"ACC开,3D定位,天线正常","湖南省长沙市宁乡县,距魏家冲 约88米,距望塔仑 约249米",112.525109,28.256371,0.0,1.4374862270616209
452,,2017-06-10 07:32:10,0.0,0.0,"ACC开,3D定位,天线正常","湖南省长沙市宁乡县,距魏家冲 约88米,距望塔仑 约251米",112.525102,28.256362,0.0,1.213086463327771
453,,2017-06-10 07:33:10,0.0,0.0,"ACC开,3D定位,天线正常","湖南省长沙市宁乡县,距魏家冲 约90米,距望塔仑 约253米",112.525087,28.256345,0.0,2.3941107292450265
454,,2017-06-10 07:34:10,0.0,0.0,"ACC开,3D定位,天线正常","湖南省长沙市宁乡县,距魏家冲 约90米,距望塔仑 约252米",112.52508799999998,28.256356,0.0,1.2270611818367774
455,,2017-06-10 07:35:10,0.0,0.0,"ACC开,3D定位,天线正常","湖南省长沙市宁乡县,距魏家冲 约90米,距望塔仑 约252米",112.525085,28.256355,0.0,0.3141705632776574
456,,2017-06-10 07:36:10,0.0,0.0,"ACC开,3D定位,天线正常","湖南省长沙市宁乡县,距魏家冲 约90米,距望塔仑 约252米",112.525085,28.256355,0.0,0.0
457,,2017-06-10 07:37:10,0.0,0.0,"ACC开,3D定位,天线正常","湖南省长沙市宁乡县,距魏家冲 约89米,距望塔仑 约252米",112.525089,28.256356,0.0,0.4072536562945822
458,,2017-06-10 07:38:10,0.0,0.0,"ACC开,3D定位,天线正常","湖南省长沙市宁乡县,距魏家冲 约90米,距望塔仑 约252米",112.525085,28.256362,0.0,0.7736973971882232
459,,2017-06-10 07:39:10,0.0,0.0,"ACC开,3D定位,天线正常","湖南省长沙市宁乡县,距魏家冲 约90米,距望塔仑 约252米",112.525079,28.256359000000003,0.0,0.6757471971918753
460,,2017-06-10 07:40:10,0.0,0.0,"ACC开,3D定位,天线正常","湖南省长沙市宁乡县,距魏家冲 约90米,距望塔仑 约252米",112.525081,28.256358,0.0,0.2252490689995948
461,,2017-06-10 07:41:10,0.0,0.0,"ACC开,3D定位,天线正常","湖南省长沙市宁乡县,距魏家冲 约90米,距望塔仑 约252米",112.525082,28.256359000000003,0.0,0.14818078915890526
462,,2017-06-10 07:42:10,0.0,0.0,"ACC开,3D定位,天线正常","湖南省长沙市宁乡县,距魏家冲 约90米,距望塔仑 约252米",112.525084,28.256354,0.0,0.5894755839826195
463,,2017-06-10 07:43:10,0.0,0.0,"ACC开,3D定位,天线正常","湖南省长沙市宁乡县,距魏家冲 约89米,距望塔仑 约253米",112.52509,28.256341,0.0,1.5604261664488135
464,,2017-06-10 07:44:10,0.0,0.0,"ACC开,3D定位,天线正常","湖南省长沙市宁乡县,距魏家冲 约89米,距望塔仑 约253米",112.525094,28.256342,0.0,0.4072537070860697
465,,2017-06-10 07:45:10,0.0,0.0,"ACC开,3D定位,天线正常","湖南省长沙市宁乡县,距魏家冲 约89米,距望塔仑 约252米",112.525098,28.256352000000003,0.0,1.178951179801211
466,,2017-06-10 07:46:10,0.0,0.0,"ACC开,3D定位,天线正常","湖南省长沙市宁乡县,距魏家冲 约89米,距望塔仑 约251米",112.525097,28.256361,0.0,1.0055373074024148
467,,2017-06-10 07:47:10,0.0,0.0,"ACC开,3D定位,天线正常","湖南省长沙市宁乡县,距魏家冲 约89米,距望塔仑 约251米",112.525096,28.256363,0.0,0.2430032614784072
468,,2017-06-10 07:48:10,0.0,0.0,"ACC开,3D定位,天线正常","湖南省长沙市宁乡县,距魏家冲 约88米,距望塔仑 约250米",112.525106,28.256363,0.0,0.9794487398913426
469,,2017-06-10 07:49:10,0.0,0.0,"ACC开,3D定位,天线正常","湖南省长沙市宁乡县,距魏家冲 约88米,距望塔仑 约250米",112.525106,28.256366,0.0,0.3335852507232613
470,,2017-06-10 07:50:10,0.0,0.0,"ACC开,3D定位,天线正常","湖南省长沙市宁乡县,距魏家冲 约87米,距望塔仑 约250米",112.525114,28.256361,0.0,0.9607670628594109
471,,2017-06-10 07:51:10,0.0,0.0,"ACC开,3D定位,天线正常","湖南省长沙市宁乡县,距魏家冲 约85米,距望塔仑 约248米",112.52513700000002,28.256363,0.0,2.2636827078359447
472,,2017-06-10 07:52:10,0.0,0.0,"ACC开,3D定位,天线正常","湖南省长沙市宁乡县,距魏家冲 约84米,距望塔仑 约247米",112.525143,28.256364,0.0,0.5980965482842739
473,,2017-06-10 07:53:10,0.0,0.0,"ACC开,3D定位,天线正常","湖南省长沙市宁乡县,距魏家冲 约83米,距望塔仑 约246米",112.525154,28.256377,0.0,1.802873099686022
474,,2017-06-10 07:54:10,0.0,0.0,"ACC开,3D定位,天线正常","湖南省长沙市宁乡县,距魏家冲 约81米,距望塔仑 约244米",112.525178,28.256372,0.0,2.4155309364606357
475,,2017-06-10 07:55:10,0.0,0.0,"ACC开,3D定位,天线正常","湖南省长沙市宁乡县,距魏家冲 约80米,距望塔仑 约244米",112.525191,28.256364,0.0,1.5532445221212985
476,,2017-06-10 07:56:10,0.0,0.0,"ACC开,3D定位,天线正常","湖南省长沙市宁乡县,距魏家冲 约77米,距望塔仑 约243米",112.525217,28.256349,0.0,3.0441716199642888
477,,2017-06-10 07:57:10,0.0,0.0,"ACC开,3D定位,天线正常","湖南省长沙市宁乡县,距魏家冲 约79米,距望塔仑 约248米",112.525191,28.256302,0.0,5.8135916921594335
478,,2017-06-10 07:58:10,0.0,0.0,"ACC开,3D定位,天线正常","湖南省长沙市宁乡县,距魏家冲 约75米,距望塔仑 约241米",112.525237,28.256353000000004,0.0,7.242850736127576
479,,2017-06-10 07:59:10,0.0,0.0,"ACC开,3D定位,天线正常","湖南省长沙市宁乡县,距魏家冲 约75米,距望塔仑 约241米",112.52524,28.256354,0.0,0.3141705682575618
480,,2017-06-10 08:00:10,0.0,0.0,"ACC开,3D定位,天线正常","湖南省长沙市宁乡县,距魏家冲 约77米,距望塔仑 约244米",112.525218,28.25634,0.0,2.658292933183344
481,,2017-06-10 08:01:10,0.0,0.0,"ACC开,3D定位,天线正常","湖南省长沙市宁乡县,距魏家冲 约77米,距望塔仑 约244米",112.525214,28.25633400000001,0.0,0.7736974382684814
482,,2017-06-10 08:02:10,0.0,0.0,"ACC开,3D定位,天线正常","湖南省长沙市宁乡县,距魏家冲 约78米,距望塔仑 约245米",112.525209,28.256331,0.0,0.5925446935448524
483,,2017-06-10 08:03:10,0.0,0.0,"ACC开,3D定位,天线正常","湖南省长沙市宁乡县,距魏家冲 约78米,距望塔仑 约245米",112.525206,28.256331,0.0,0.2938347096709375
484,,2017-06-10 08:04:10,0.0,0.0,"ACC开,3D定位,天线正常","湖南省长沙市宁乡县,距魏家冲 约78米,距望塔仑 约246米",112.525203,28.25633,0.0,0.3141706288905283
485,,2017-06-10 08:05:10,0.0,0.0,"ACC开,3D定位,天线正常","湖南省长沙市宁乡县,距魏家冲 约78米,距望塔仑 约246米",112.525202,28.256327,0.0,0.34766697292795257
486,,2017-06-10 08:06:10,0.0,0.0,"ACC开,3D定位,天线正常","湖南省长沙市宁乡县,距魏家冲 约79米,距望塔仑 约247米",112.525196,28.256323,0.0,0.7370108097180305
487,,2017-06-10 08:07:10,0.0,0.0,"ACC开,3D定位,天线正常","湖南省长沙市宁乡县,距魏家冲 约79米,距望塔仑 约247米",112.525194,28.256321000000003,0.0,0.296361618357274
488,,2017-06-10 08:08:10,0.0,0.0,"ACC开,3D定位,天线正常","湖南省长沙市宁乡县,距魏家冲 约80米,距望塔仑 约247米",112.52518700000002,28.256319,0.0,0.7207804660704284
489,,2017-06-10 08:09:10,0.0,0.0,"ACC开,3D定位,天线正常","湖南省长沙市宁乡县,距魏家冲 约80米,距望塔仑 约248米",112.525183,28.256315,0.0,0.5927232517939066
490,,2017-06-10 08:10:10,0.0,0.0,"ACC开,3D定位,天线正常","湖南省长沙市宁乡县,距魏家冲 约81米,距望塔仑 约249米",112.525177,28.256313,0.0,0.6283413438174362
491,,2017-06-10 08:11:10,0.0,0.0,"ACC开,3D定位,天线正常","湖南省长沙市宁乡县,距魏家冲 约81米,距望塔仑 约249米",112.525175,28.256313,0.0,0.19588983910764285
492,,2017-06-10 08:12:10,0.0,0.0,"ACC开,3D定位,天线正常","湖南省长沙市宁乡县,距魏家冲 约81米,距望塔仑 约249米",112.525173,28.256312,0.0,0.22524914324357795
493,,2017-06-10 08:13:10,0.0,0.0,"ACC开,3D定位,天线正常","湖南省长沙市宁乡县,距魏家冲 约81米,距望塔仑 约249米",112.525168,28.256313,0.0,0.5021897362861149
494,,2017-06-10 08:14:10,0.0,0.0,"ACC开,3D定位,天线正常","湖南省长沙市宁乡县,距魏家冲 约82米,距望塔仑 约250米",112.525166,28.256312,0.0,0.2252491421599167
495,,2017-06-10 08:15:10,0.0,0.0,"ACC开,3D定位,天线正常","湖南省长沙市宁乡县,距魏家冲 约82米,距望塔仑 约250米",112.52516,28.256313,0.0,0.5980968245264511
496,,2017-06-10 08:16:10,0.0,0.0,"ACC开,3D定位,天线正常","湖南省长沙市宁乡县,距魏家冲 约83米,距望塔仑 约250米",112.525156,28.256312,0.0,0.407253809458084
497,,2017-06-10 08:17:10,0.0,0.0,"ACC开,3D定位,天线正常","湖南省长沙市宁乡县,距魏家冲 约83米,距望塔仑 约250米",112.525154,28.256311,0.0,0.2252491460998572
498,,2017-06-10 08:18:10,0.0,0.0,"ACC开,3D定位,天线正常","湖南省长沙市宁乡县,距魏家冲 约83米,距望塔仑 约251米",112.525154,28.256309,0.0,0.22239016691306615
499,,2017-06-10 08:19:10,0.0,0.0,"ACC开,3D定位,天线正常","湖南省长沙市宁乡县,距魏家冲 约83米,距望塔仑 约251米",112.525154,28.25631,0.0,0.11119508345653308
500,,2017-06-10 08:20:10,0.0,0.0,"ACC开,3D定位,天线正常","湖南省长沙市宁乡县,距魏家冲 约83米,距望塔仑 约251米",112.525154,28.256309,0.0,0.11119508345653308
501,,2017-06-10 08:21:10,0.0,0.0,"ACC开,3D定位,天线正常","湖南省长沙市宁乡县,距魏家冲 约83米,距望塔仑 约251米",112.525155,28.256307,0.0,0.24300328202966925
502,,2017-06-10 08:22:10,0.0,0.0,"ACC开,3D定位,天线正常","湖南省长沙市宁乡县,距魏家冲 约82米,距望塔仑 约251米",112.525163,28.256299,0.0,1.185446568970785
503,,2017-06-10 08:23:10,0.0,0.0,"ACC开,3D定位,天线正常","湖南省长沙市宁乡县,距魏家冲 约82米,距望塔仑 约251米",112.525166,28.256299,0.0,0.2938347991188879
504,,2017-06-10 08:24:10,0.0,0.0,"ACC开,3D定位,天线正常","湖南省长沙市宁乡县,距魏家冲 约80米,距望塔仑 约249米",112.52518700000002,28.2563,0.0,2.0598470454874995
505,,2017-06-10 08:25:10,0.0,0.0,"ACC开,3D定位,天线正常","湖南省长沙市宁乡县,距魏家冲 约80米,距望塔仑 约250米",112.525186,28.256289,0.0,1.2270611854353246
506,,2017-06-10 08:26:10,0.0,0.0,"ACC开,3D定位,天线正常","湖南省长沙市宁乡县,距魏家冲 约79米,距望塔仑 约250米",112.52519,28.256285,0.0,0.5927233232868664
507,,2017-06-10 08:27:10,0.0,0.0,"ACC开,3D定位,天线正常","湖南省长沙市宁乡县,距魏家冲 约78米,距望塔仑 约250米",112.525203,28.256274,0.0,1.7655987659483712
508,,2017-06-10 08:28:10,0.0,0.0,"ACC开,3D定位,天线正常","湖南省长沙市宁乡县,距魏家冲 约78米,距望塔仑 约249米",112.525207,28.256275,0.0,0.4072539438638498
509,,2017-06-10 08:29:10,0.0,0.0,"ACC开,3D定位,天线正常","湖南省长沙市宁乡县,距魏家冲 约77米,距望塔仑 约249米",112.525215,28.256276,0.0,0.7914101615192406
510,,2017-06-10 08:30:10,0.0,0.0,"ACC开,3D定位,天线正常","湖南省长沙市宁乡县,距魏家冲 约77米,距望塔仑 约249米",112.525213,28.256278,0.0,0.29636167411561715
511,,2017-06-10 08:31:10,0.0,0.0,"ACC开,3D定位,天线正常","湖南省长沙市宁乡县,距魏家冲 约83米,距望塔仑 约251米",112.525148,28.256315,0.0,7.580112400158009
512,,2017-06-10 08:32:10,0.0,0.0,"ACC开,3D定位,天线正常","湖南省长沙市宁乡县,距魏家冲 约85米,距望塔仑 约249米",112.525132,28.256351,0.0,4.298843262968767
513,,2017-06-10 08:33:10,0.0,0.0,"ACC开,3D定位,天线正常","湖南省长沙市宁乡县,距魏家冲 约87米,距望塔仑 约249米",112.525117,28.256365,0.0,2.140533056884041
514,,2017-06-10 08:34:10,0.0,0.0,"ACC开,3D定位,天线正常","湖南省长沙市宁乡县,距魏家冲 约86米,距望塔仑 约249米",112.525126,28.25636,0.0,1.04218891635
515,,2017-06-10 08:35:10,0.0,0.0,"ACC开,3D定位,天线正常","湖南省长沙市宁乡县,距魏家冲 约86米,距望塔仑 约248米",112.52513,28.256365,0.0,0.6801469266262956
516,,2017-06-10 08:36:10,0.0,0.0,"ACC开,3D定位,天线正常","湖南省长沙市宁乡县,距魏家冲 约86米,距望塔仑 约248米",112.525129,28.256368,0.0,0.34766696283895776
517,,2017-06-10 08:37:10,0.0,0.0,"ACC开,3D定位,天线正常","湖南省长沙市宁乡县,距魏家冲 约86米,距望塔仑 约248米",112.525131,28.256371,0.0,0.38684868941062267
518,,2017-06-10 08:38:10,0.0,0.0,"ACC开,3D定位,天线正常","湖南省长沙市宁乡县,距魏家冲 约86米,距望塔仑 约247米",112.525129,28.256386,0.0,1.6793900011590939
519,,2017-06-10 08:39:10,0.0,0.0,"ACC开,3D定位,天线正常","湖南省长沙市宁乡县,距魏家冲 约86米,距望塔仑 约247米",112.525127,28.256387,0.0,0.2252490251904632
520,,2017-06-10 08:40:10,0.0,0.0,"ACC开,3D定位,天线正常","湖南省长沙市宁乡县,距魏家冲 约86米,距望塔仑 约247米",112.525125,28.256390000000003,0.0,0.3868486720364325
521,,2017-06-10 08:41:10,0.0,0.0,"ACC开,3D定位,天线正常","湖南省长沙市宁乡县,距魏家冲 约87米,距望塔仑 约247米",112.525124,28.256393,0.0,0.34766695671908776
522,,2017-06-10 08:42:10,0.0,0.0,"ACC开,3D定位,天线正常","湖南省长沙市宁乡县,距魏家冲 约86米,距望塔仑 约246米",112.525125,28.256395,0.0,0.24300324995183356
523,,2017-06-10 08:43:10,0.0,0.0,"ACC开,3D定位,天线正常","湖南省长沙市宁乡县,距魏家冲 约87米,距望塔仑 约247米",112.525124,28.256395,0.0,0.0979448448376638
524,,2017-06-10 08:44:10,0.0,0.0,"ACC开,3D定位,天线正常","湖南省长沙市宁乡县,距魏家冲 约86米,距望塔仑 约246米",112.525126,28.256397,0.0,0.29636152904961377
525,,2017-06-10 08:45:10,0.0,0.0,"ACC开,3D定位,天线正常","湖南省长沙市宁乡县,距魏家冲 约87米,距望塔仑 约246米",112.525124,28.256396,0.0,0.2252490074013492
526,,2017-06-10 08:46:10,0.0,0.0,"ACC开,3D定位,天线正常","湖南省长沙市宁乡县,距魏家冲 约86米,距望塔仑 约246米",112.525129,28.256395,0.0,0.5021893656593791
527,,2017-06-10 08:47:10,0.0,0.0,"ACC开,3D定位,天线正常","湖南省长沙市宁乡县,距魏家冲 约86米,距望塔仑 约247米",112.525125,28.256394,0.0,0.4072535195517463
528,,2017-06-10 08:48:10,0.0,0.0,"ACC开,3D定位,天线正常","湖南省长沙市宁乡县,距魏家冲 约87米,距望塔仑 约247米",112.525123,28.256390000000003,0.0,0.48600650045767607
529,,2017-06-10 08:49:10,0.0,0.0,"ACC开,3D定位,天线正常","湖南省长沙市宁乡县,距魏家冲 约88米,距望塔仑 约247米",112.525114,28.256394,0.0,0.9873591992173448
530,,2017-06-10 08:50:10,0.0,0.0,"ACC开,3D定位,天线正常","湖南省长沙市宁乡县,距魏家冲 约87米,距望塔仑 约247米",112.525116,28.256393,0.0,0.2252490136282889
531,,2017-06-10 08:51:10,0.0,0.0,"ACC开,3D定位,天线正常","湖南省长沙市宁乡县,距魏家冲 约87米,距望塔仑 约247米",112.525116,28.256394,0.0,0.11119508345653308
532,,2017-06-10 08:52:10,0.0,0.0,"ACC开,3D定位,天线正常","湖南省长沙市宁乡县,距魏家冲 约87米,距望塔仑 约247米",112.525116,28.256395,0.0,0.1111950838101951
533,,2017-06-10 08:53:10,0.0,0.0,"ACC开,3D定位,天线正常","湖南省长沙市宁乡县,距魏家冲 约87米,距望塔仑 约247米",112.525117,28.256396,0.0,0.1481807656000952
534,,2017-06-10 08:54:10,0.0,0.0,"ACC开,3D定位,天线正常","湖南省长沙市宁乡县,距魏家冲 约87米,距望塔仑 约247米",112.525117,28.256397,0.0,0.11119508274920896
535,,2017-06-10 08:55:10,0.0,0.0,"ACC开,3D定位,天线正常","湖南省长沙市宁乡县,距魏家冲 约87米,距望塔仑 约247米",112.525117,28.256397,0.0,0.0
536,,2017-06-10 08:56:10,0.0,0.0,"ACC开,3D定位,天线正常","湖南省长沙市宁乡县,距魏家冲 约87米,距望塔仑 约246米",112.525121,28.256411,0.0,1.6052734970978162
537,,2017-06-10 08:57:10,0.0,0.0,"ACC开,3D定位,天线正常","湖南省长沙市宁乡县,距魏家冲 约88米,距望塔仑 约245米",112.525114,28.256423,0.0,1.5001773755298693
538,,2017-06-10 08:58:10,0.0,0.0,"ACC开,3D定位,天线正常","湖南省长沙市宁乡县,距魏家冲 约87米,距望塔仑 约246米",112.525117,28.256407,0.0,1.8032225158695767
539,,2017-06-10 08:59:10,0.0,0.0,"ACC开,3D定位,天线正常","湖南省长沙市宁乡县,距魏家冲 约88米,距望塔仑 约246米",112.525114,28.256415000000004,0.0,0.9368334400577188
540,,2017-06-10 09:00:10,0.0,0.0,"ACC开,3D定位,天线正常","湖南省长沙市宁乡县,距魏家冲 约84米,距望塔仑 约247米",112.525146,28.256369,0.0,5.998865495833832
541,,2017-06-10 09:01:10,0.0,0.0,"ACC开,3D定位,天线正常","湖南省长沙市宁乡县,距魏家冲 约85米,距望塔仑 约247米",112.525132,28.256374,0.0,1.4796537533864171
542,,2017-06-10 09:02:10,0.0,0.0,"ACC开,3D定位,天线正常","湖南省长沙市宁乡县,距魏家冲 约87米,距望塔仑 约248米",112.525115,28.256385,0.0,2.06603954661527
543,,2017-06-10 09:03:10,0.0,0.0,"ACC开,3D定位,天线正常","湖南省长沙市宁乡县,距魏家冲 约88米,距望塔仑 约248米",112.52511,28.256384000000004,0.0,0.502189411135475
544,,2017-06-10 09:04:10,0.0,0.0,"ACC开,3D定位,天线正常","湖南省长沙市宁乡县,距魏家冲 约86米,距望塔仑 约246米",112.525125,28.256398,0.0,2.1405327436214208
545,,2017-06-10 09:05:10,0.0,0.0,"ACC开,3D定位,天线正常","湖南省长沙市宁乡县,距魏家冲 约86米,距望塔仑 约246米",112.525132,28.256390000000003,0.0,1.1231138091020771
546,,2017-06-10 09:06:10,0.0,0.0,"ACC开,3D定位,天线正常","湖南省长沙市宁乡县,距魏家冲 约84米,距望塔仑 约244米",112.525153,28.256395,0.0,2.130658766233859
547,,2017-06-10 09:07:10,0.0,0.0,"ACC开,3D定位,天线正常","湖南省长沙市宁乡县,距魏家冲 约84米,距望塔仑 约244米",112.525155,28.256401,0.0,0.6953339101594269
548,,2017-06-10 09:08:10,0.0,0.0,"ACC开,3D定位,天线正常","湖南省长沙市宁乡县,距魏家冲 约82米,距望塔仑 约243米",112.52517,28.256402,0.0,1.4733744964896132
549,,2017-06-10 09:09:10,0.0,0.0,"ACC开,3D定位,天线正常","湖南省长沙市宁乡县,距魏家冲 约82米,距望塔仑 约241米",112.525177,28.256415000000004,0.0,1.5998877774931353
550,,2017-06-10 09:10:10,0.0,0.0,"ACC开,3D定位,天线正常","湖南省长沙市宁乡县,距魏家冲 约81米,距望塔仑 约239米",112.525184,28.256433,0.0,2.1156829850972483
551,,2017-06-10 09:11:10,0.0,0.0,"ACC开,3D定位,天线正常","湖南省长沙市宁乡县,距魏家冲 约81米,距望塔仑 约240米",112.525191,28.256423,0.0,1.306331048138232
552,,2017-06-10 09:12:10,0.0,0.0,"ACC开,3D定位,天线正常","湖南省长沙市宁乡县,距魏家冲 约82米,距望塔仑 约241米",112.525173,28.256419,0.0,1.8182470721762216
553,,2017-06-10 09:13:10,0.0,0.0,"ACC开,3D定位,天线正常","湖南省长沙市宁乡县,距魏家冲 约82米,距望塔仑 约242米",112.52517,28.256415000000004,0.0,0.5330743317762283
554,,2017-06-10 09:14:10,0.0,0.0,"ACC开,3D定位,天线正常","湖南省长沙市宁乡县,距魏家冲 约82米,距望塔仑 约242米",112.525172,28.256414000000003,0.0,0.22524898024412335
555,,2017-06-10 09:15:10,0.0,0.0,"ACC开,3D定位,天线正常","湖南省长沙市宁乡县,距魏家冲 约83米,距望塔仑 约242米",112.525168,28.256412,0.0,0.45049796417194
556,,2017-06-10 09:16:10,0.0,0.0,"ACC开,3D定位,天线正常","湖南省长沙市宁乡县,距魏家冲 约83米,距望塔仑 约242米",112.525167,28.256408,0.0,0.455436863354465
557,,2017-06-10 09:17:10,0.0,0.0,"ACC开,3D定位,天线正常","湖南省长沙市宁乡县,距魏家冲 约83米,距望塔仑 约243米",112.525161,28.256399,0.0,1.1605459721273683
558,,2017-06-10 09:18:10,0.0,0.0,"ACC开,3D定位,天线正常","湖南省长沙市宁乡县,距魏家冲 约83米,距望塔仑 约243米",112.525158,28.256408,0.0,1.0430008617996187
559,,2017-06-10 09:19:10,0.0,0.0,"ACC开,3D定位,天线正常","湖南省长沙市宁乡县,距魏家冲 约83米,距望塔仑 约243米",112.525163,28.256407,0.0,0.5021893093927764
560,,2017-06-10 09:20:10,0.0,0.0,"ACC开,3D定位,天线正常","湖南省长沙市宁乡县,距魏家冲 约83米,距望塔仑 约243米",112.525167,28.256403,0.0,0.5927230366729512
561,,2017-06-10 09:21:10,0.0,0.0,"ACC开,3D定位,天线正常","湖南省长沙市宁乡县,距魏家冲 约83米,距望塔仑 约244米",112.525159,28.256399,0.0,0.9009960043826868
562,,2017-06-10 09:22:10,0.0,0.0,"ACC开,3D定位,天线正常","湖南省长沙市宁乡县,距魏家冲 约83米,距望塔仑 约244米",112.525157,28.256402,0.0,0.386848660565676
563,,2017-06-10 09:23:10,0.0,0.0,"ACC开,3D定位,天线正常","湖南省长沙市宁乡县,距魏家冲 约84米,距望塔仑 约244米",112.525151,28.256403,0.0,0.5980963394886535
564,,2017-06-10 09:24:10,0.0,0.0,"ACC开,3D定位,天线正常","湖南省长沙市宁乡县,距魏家冲 约84米,距望塔仑 约245米",112.525148,28.256398,0.0,0.6288460782337563
565,,2017-06-10 09:25:10,0.0,0.0,"ACC开,3D定位,天线正常","湖南省长沙市宁乡县,距魏家冲 约86米,距望塔仑 约247米",112.525131,28.25638,0.0,2.6035516642293595
566,,2017-06-10 09:26:10,0.0,0.0,"ACC开,3D定位,天线正常","湖南省长沙市宁乡县,距魏家冲 约85米,距望塔仑 约247米",112.525136,28.256373,0.0,0.9196101794711332
567,,2017-06-10 09:27:10,0.0,0.0,"ACC开,3D定位,天线正常","湖南省长沙市宁乡县,距魏家冲 约84米,距望塔仑 约247米",112.525143,28.256375,0.0,0.7207801379946667
568,,2017-06-10 09:28:10,0.0,0.0,"ACC开,3D定位,天线正常","湖南省长沙市宁乡县,距魏家冲 约83米,距望塔仑 约245米",112.525154,28.25638,0.0,1.2123882814494966
569,,2017-06-10 09:29:10,0.0,0.0,"ACC开,3D定位,天线正常","湖南省长沙市宁乡县,距魏家冲 约82米,距望塔仑 约244米",112.525169,28.256378,0.0,1.4859092697775735
570,,2017-06-10 09:30:10,0.0,0.0,"ACC开,3D定位,天线正常","湖南省长沙市宁乡县,距魏家冲 约81米,距望塔仑 约243米",112.525175,28.256385,0.0,0.9752989311544424
571,,2017-06-10 09:31:10,0.0,0.0,"ACC开,3D定位,天线正常","湖南省长沙市宁乡县,距魏家冲 约80米,距望塔仑 约241米",112.52519,28.2564,0.0,2.222711501710646
572,,2017-06-10 09:32:10,0.0,0.0,"ACC开,3D定位,天线正常","湖南省长沙市宁乡县,距魏家冲 约81米,距望塔仑 约242米",112.525181,28.256403,0.0,0.9425113375249348
573,,2017-06-10 09:33:10,0.0,0.0,"ACC开,3D定位,天线正常","湖南省长沙市宁乡县,距魏家冲 约81米,距望塔仑 约242米",112.525179,28.256404,0.0,0.2252489967656154
574,,2017-06-10 09:34:10,0.0,0.0,"ACC开,3D定位,天线正常","湖南省长沙市宁乡县,距魏家冲 约82米,距望塔仑 约242米",112.525178,28.256408,0.0,0.4554368638990109
575,,2017-06-10 09:35:10,0.0,0.0,"ACC开,3D定位,天线正常","湖南省长沙市宁乡县,距魏家冲 约81米,距望塔仑 约241米",112.525185,28.256411,0.0,0.762460115556711
576,,2017-06-10 09:36:10,0.0,0.0,"ACC开,3D定位,天线正常","湖南省长沙市宁乡县,距魏家冲 约82米,距望塔仑 约241米",112.525176,28.256414000000003,0.0,0.9425112524541316
577,,2017-06-10 09:37:10,0.0,0.0,"ACC开,3D定位,天线正常","湖南省长沙市宁乡县,距魏家冲 约82米,距望塔仑 约241米",112.525175,28.256418,0.0,0.4554368615777407
578,,2017-06-10 09:38:10,0.0,0.0,"ACC开,3D定位,天线正常","湖南省长沙市宁乡县,距魏家冲 约82米,距望塔仑 约241米",112.525176,28.256422,0.0,0.4554368607873874
579,,2017-06-10 09:39:10,0.0,0.0,"ACC开,3D定位,天线正常","湖南省长沙市宁乡县,距魏家冲 约82米,距望塔仑 约240米",112.525177,28.256424,0.0,0.24300323871030635
580,,2017-06-10 09:40:10,0.0,0.0,"ACC开,3D定位,天线正常","湖南省长沙市宁乡县,距魏家冲 约83米,距望塔仑 约241米",112.52517,28.256424,0.0,0.6856137248607109
581,,2017-06-10 09:41:10,0.0,0.0,"ACC开,3D定位,天线正常","湖南省长沙市宁乡县,距魏家冲 约85米,距望塔仑 约243米",112.525148,28.256417,0.0,2.291060007881204
582,,2017-06-10 09:42:10,0.0,0.0,"ACC开,3D定位,天线正常","湖南省长沙市宁乡县,距魏家冲 约86米,距望塔仑 约245米",112.525129,28.256409,0.0,2.0626341222141478
583,,2017-06-10 09:43:10,0.0,0.0,"ACC开,3D定位,天线正常","湖南省长沙市宁乡县,距魏家冲 约86米,距望塔仑 约245米",112.52513,28.256411,0.0,0.24300324352446914
584,,2017-06-10 09:44:10,0.0,0.0,"ACC开,3D定位,天线正常","湖南省长沙市宁乡县,距魏家冲 约87米,距望塔仑 约245米",112.525122,28.256422,0.0,1.45260112176138
585,,2017-06-10 09:45:10,0.0,0.0,"ACC开,3D定位,天线正常","湖南省长沙市宁乡县,距魏家冲 约87米,距望塔仑 约245米",112.52512,28.256421000000003,0.0,0.2252489676250346
586,,2017-06-10 09:46:10,0.0,0.0,"ACC开,3D定位,天线正常","湖南省长沙市宁乡县,距魏家冲 约87米,距望塔仑 约245米",112.525121,28.25642,0.0,0.1481807503412786
587,,2017-06-10 09:47:10,0.0,0.0,"ACC开,3D定位,天线正常","湖南省长沙市宁乡县,距魏家冲 约88米,距望塔仑 约245米",112.525118,28.256421000000003,0.0,0.3141703982445115
588,,2017-06-10 09:48:10,0.0,0.0,"ACC开,3D定位,天线正常","湖南省长沙市宁乡县,距魏家冲 约88米,距望塔仑 约245米",112.525118,28.25642,0.0,0.11119508416385716
589,,2017-06-10 09:49:10,0.0,0.0,"ACC开,3D定位,天线正常","湖南省长沙市宁乡县,距魏家冲 约88米,距望塔仑 约246米",112.525109,28.256422,0.0,0.9091235336742765
590,,2017-06-10 09:50:10,0.0,0.0,"ACC开,3D定位,天线正常","湖南省长沙市宁乡县,距魏家冲 约88米,距望塔仑 约245米",112.525112,28.256424,0.0,0.3685051879613893
591,,2017-06-10 09:51:10,0.0,0.0,"ACC开,3D定位,天线正常","湖南省长沙市宁乡县,距魏家冲 约88米,距望塔仑 约245米",112.525114,28.256426,0.0,0.29636149326842764
592,,2017-06-10 09:52:10,0.0,0.0,"ACC开,3D定位,天线正常","湖南省长沙市宁乡县,距魏家冲 约88米,距望塔仑 约245米",112.52511,28.256426,0.0,0.3917792616846553
593,,2017-06-10 09:53:10,0.0,0.0,"ACC开,3D定位,天线正常","湖南省长沙市宁乡县,距魏家冲 约89米,距望塔仑 约245米",112.525109,28.256427,0.0,0.1481807454196291
594,,2017-06-10 09:54:10,0.0,0.0,"ACC开,3D定位,天线正常","湖南省长沙市宁乡县,距魏家冲 约90米,距望塔仑 约246米",112.525094,28.256439,0.0,1.9846744589990504
595,,2017-06-10 09:55:10,0.0,0.0,"ACC开,3D定位,天线正常","湖南省长沙市宁乡县,距魏家冲 约90米,距望塔仑 约244米",112.525104,28.256452000000003,0.0,1.7461079383472122
596,,2017-06-10 09:56:10,0.0,0.0,"ACC开,3D定位,天线正常","湖南省长沙市宁乡县,距魏家冲 约89米,距望塔仑 约244米",112.52511,28.256452000000003,0.0,0.5876687535596248
597,,2017-06-10 09:57:10,0.0,0.0,"ACC开,3D定位,天线正常","湖南省长沙市宁乡县,距魏家冲 约88米,距望塔仑 约243米",112.525118,28.256446,0.0,1.029116212244148
598,,2017-06-10 09:58:10,0.0,0.0,"ACC开,3D定位,天线正常","湖南省长沙市宁乡县,距魏家冲 约87米,距望塔仑 约243米",112.525126,28.25644500000001,0.0,0.7914089266816923
599,,2017-06-10 09:59:10,0.0,0.0,"ACC开,3D定位,天线正常","湖南省长沙市宁乡县,距魏家冲 约88米,距望塔仑 约243米",112.525123,28.256444,0.0,0.314170335385256
600,,2017-06-10 10:00:10,0.0,0.0,"ACC开,3D定位,天线正常","湖南省长沙市宁乡县,距魏家冲 约87米,距望塔仑 约243米",112.525126,28.256449,0.0,0.6288460191755809
601,,2017-06-10 10:01:10,0.0,0.0,"ACC开,3D定位,天线正常","湖南省长沙市宁乡县,距魏家冲 约88米,距望塔仑 约243米",112.525117,28.256449,0.0,0.8815031532772107
602,,2017-06-10 10:02:10,0.0,0.0,"ACC开,3D定位,天线正常","湖南省长沙市宁乡县,距魏家冲 约88米,距望塔仑 约243米",112.525117,28.256449,0.0,0.0
603,,2017-06-10 10:03:10,0.0,0.0,"ACC开,3D定位,天线正常","湖南省长沙市宁乡县,距魏家冲 约88米,距望塔仑 约243米",112.525117,28.25645,0.0,0.1111950838101951
604,,2017-06-10 10:04:10,0.0,0.0,"ACC开,3D定位,天线正常","湖南省长沙市宁乡县,距魏家冲 约89米,距望塔仑 约244米",112.525112,28.256449,0.0,0.5021891224547513
605,,2017-06-10 10:05:10,0.0,0.0,"ACC开,3D定位,天线正常","湖南省长沙市宁乡县,距魏家冲 约89米,距望塔仑 约244米",112.525112,28.256449,0.0,0.0
606,,2017-06-10 10:06:10,0.0,0.0,"ACC开,3D定位,天线正常","湖南省长沙市宁乡县,距魏家冲 约88米,距望塔仑 约244米",112.525116,28.256443,0.0,0.7736972354022739
607,,2017-06-10 10:07:10,0.0,0.0,"ACC开,3D定位,天线正常","湖南省长沙市宁乡县,距魏家冲 约88米,距望塔仑 约244米",112.525117,28.25644500000001,0.0,0.2430032320831457
608,,2017-06-10 10:08:10,0.0,0.0,"ACC开,3D定位,天线正常","湖南省长沙市宁乡县,距魏家冲 约87米,距望塔仑 约243米",112.525127,28.256436,0.0,1.4002965817876587
609,,2017-06-10 10:09:10,0.0,0.0,"ACC开,3D定位,天线正常","湖南省长沙市宁乡县,距魏家冲 约87米,距望塔仑 约243米",112.525127,28.256437,0.0,0.11119508345653308
610,,2017-06-10 10:10:10,0.0,0.0,"ACC开,3D定位,天线正常","湖南省长沙市宁乡县,距魏家冲 约87米,距望塔仑 约243米",112.525131,28.256431,0.0,0.7736972586698255
611,,2017-06-10 10:11:10,0.0,0.0,"ACC开,3D定位,天线正常","湖南省长沙市宁乡县,距魏家冲 约86米,距望塔仑 约243米",112.525134,28.25643,0.0,0.314170370975246
612,,2017-06-10 10:12:10,0.0,0.0,"ACC开,3D定位,天线正常","湖南省长沙市宁乡县,距魏家冲 约86米,距望塔仑 约243米",112.525134,28.256433,0.0,0.3335852517842475
613,,2017-06-10 10:13:10,0.0,0.0,"ACC开,3D定位,天线正常","湖南省长沙市宁乡县,距魏家冲 约86米,距望塔仑 约243米",112.525135,28.256429,0.0,0.455436859895883
614,,2017-06-10 10:14:10,0.0,0.0,"ACC开,3D定位,天线正常","湖南省长沙市宁乡县,距魏家冲 约86米,距望塔仑 约243米",112.525134,28.256429,0.0,0.09794481359940174
615,,2017-06-10 10:15:10,0.0,0.0,"ACC开,3D定位,天线正常","湖南省长沙市宁乡县,距魏家冲 约86米,距望塔仑 约244米",112.525132,28.256427,0.0,0.2963614896114691
616,,2017-06-10 10:16:10,0.0,0.0,"ACC开,3D定位,天线正常","湖南省长沙市宁乡县,距魏家冲 约87米,距望塔仑 约244米",112.525127,28.256426,0.0,0.5021892266278807
617,,2017-06-10 10:17:10,0.0,0.0,"ACC开,3D定位,天线正常","湖南省长沙市宁乡县,距魏家冲 约87米,距望塔仑 约245米",112.525123,28.256424,0.0,0.4504979259936494
618,,2017-06-10 10:18:10,0.0,0.0,"ACC开,3D定位,天线正常","湖南省长沙市宁乡县,距魏家冲 约87米,距望塔仑 约244米",112.525123,28.256425,0.0,0.11119508381019512
619,,2017-06-10 10:19:10,0.0,0.0,"ACC开,3D定位,天线正常","湖南省长沙市宁乡县,距魏家冲 约87米,距望塔仑 约245米",112.525127,28.256417,0.0,0.9720129583773576
620,,2017-06-10 10:20:10,0.0,0.0,"ACC开,3D定位,天线正常","湖南省长沙市宁乡县,距魏家冲 约87米,距望塔仑 约245米",112.525126,28.256415000000004,0.0,0.2430032410641505
621,,2017-06-10 10:21:10,0.0,0.0,"ACC开,3D定位,天线正常","湖南省长沙市宁乡县,距魏家冲 约86米,距望塔仑 约245米",112.525128,28.256409,0.0,0.6953339038897136
622,,2017-06-10 10:22:10,0.0,0.0,"ACC开,3D定位,天线正常","湖南省长沙市宁乡县,距魏家冲 约86米,距望塔仑 约245米",112.52513,28.256409,0.0,0.19588966270363276
623,,2017-06-10 10:23:10,0.0,0.0,"ACC开,3D定位,天线正常","湖南省长沙市宁乡县,距魏家冲 约88米,距望塔仑 约247米",112.525112,28.256401,0.0,1.974718204735021
624,,2017-06-10 10:24:10,0.0,0.0,"ACC开,3D定位,天线正常","湖南省长沙市宁乡县,距魏家冲 约89米,距望塔仑 约248米",112.5251,28.256405,0.0,1.2566817691300425
625,,2017-06-10 10:25:10,0.0,0.0,"ACC开,3D定位,天线正常","湖南省长沙市宁乡县,距魏家冲 约95米,距望塔仑 约254米",112.52504,28.256385,0.0,6.2834092547744245
626,,2017-06-10 10:26:10,0.0,0.0,"ACC开,3D定位,天线正常","湖南省长沙市宁乡县,距魏家冲 约95米,距望塔仑 约254米",112.525035,28.256378,0.0,0.9196101656775856
627,,2017-06-10 10:27:10,0.0,0.0,"ACC开,3D定位,天线正常","湖南省长沙市宁乡县,距魏家冲 约95米,距望塔仑 约254米",112.525036,28.25638,0.0,0.24300325518297056
628,,2017-06-10 10:28:10,0.0,0.0,"ACC开,3D定位,天线正常","湖南省长沙市宁乡县,距魏家冲 约95米,距望塔仑 约255米",112.525034,28.256377,0.0,0.3868486813155622
629,,2017-06-10 10:29:10,0.0,0.0,"ACC开,3D定位,天线正常","湖南省长沙市宁乡县,距魏家冲 约95米,距望塔仑 约253米",112.525041,28.256392,0.0,1.8033425970103771
630,,2017-06-10 10:30:10,0.0,0.0,"ACC开,3D定位,天线正常","湖南省长沙市宁乡县,距魏家冲 约94米,距望塔仑 约250米",112.52505,28.25642,0.0,3.2358455164616386
631,,2017-06-10 10:31:10,0.0,0.0,"ACC开,3D定位,天线正常","湖南省长沙市宁乡县,距魏家冲 约93米,距望塔仑 约247米",112.525068,28.256442,0.0,3.015383236724043
632,,2017-06-10 10:32:10,0.0,0.0,"ACC开,3D定位,天线正常","湖南省长沙市宁乡县,距魏家冲 约93米,距望塔仑 约247米",112.525068,28.256453000000004,0.0,1.2231459215584917
633,,2017-06-10 10:33:10,0.0,0.0,"ACC开,3D定位,天线正常","湖南省长沙市宁乡县,距魏家冲 约93米,距望塔仑 约245米",112.525073,28.256465,0.0,1.4213709733430528
634,,2017-06-10 10:34:10,0.0,0.0,"ACC开,3D定位,天线正常","湖南省长沙市宁乡县,距魏家冲 约93米,距望塔仑 约245米",112.525076,28.256468,0.0,0.4445421660842115
635,,2017-06-10 10:35:10,0.0,0.0,"ACC开,3D定位,天线正常","湖南省长沙市宁乡县,距魏家冲 约92米,距望塔仑 约244米",112.525081,28.256477,0.0,1.114155080483956
636,,2017-06-10 10:36:10,0.0,0.0,"ACC开,3D定位,天线正常","湖南省长沙市宁乡县,距魏家冲 约93米,距望塔仑 约245米",112.525076,28.25647,0.0,0.9196099421711812
637,,2017-06-10 10:37:10,0.0,0.0,"ACC开,3D定位,天线正常","湖南省长沙市宁乡县,距魏家冲 约93米,距望塔仑 约247米",112.525066,28.256457,0.0,1.7461078448650569
638,,2017-06-10 10:38:10,0.0,0.0,"ACC开,3D定位,天线正常","湖南省长沙市宁乡县,距魏家冲 约93米,距望塔仑 约247米",112.52506499999998,28.256452000000003,0.0,0.5645368434985332
639,,2017-06-10 10:39:10,0.0,0.0,"ACC开,3D定位,天线正常","湖南省长沙市宁乡县,距魏家冲 约93米,距望塔仑 约246米",112.525072,28.256454,0.0,0.7207796555601863
640,,2017-06-10 10:40:10,0.0,0.0,"ACC开,3D定位,天线正常","湖南省长沙市宁乡县,距魏家冲 约93米,距望塔仑 约246米",112.525072,28.256461,0.0,0.7783655863177056
641,,2017-06-10 10:41:10,0.0,0.0,"ACC开,3D定位,天线正常","湖南省长沙市宁乡县,距魏家冲 约90米,距望塔仑 约244米",112.525099,28.25646,0.0,2.6468458816158638
642,,2017-06-10 10:42:10,0.0,0.0,"ACC开,3D定位,天线正常","湖南省长沙市宁乡县,距魏家冲 约91米,距望塔仑 约244米",112.525093,28.256459000000003,0.0,0.5980960293656763
643,,2017-06-10 10:43:10,0.0,0.0,"ACC开,3D定位,天线正常","湖南省长沙市宁乡县,距魏家冲 约91米,距望塔仑 约246米",112.525089,28.25644,0.0,2.1487252181876637
644,,2017-06-10 10:44:10,0.0,0.0,"ACC开,3D定位,天线正常","湖南省长沙市宁乡县,距魏家冲 约93米,距望塔仑 约248米",112.525064,28.25644,0.0,2.448620078599914
645,,2017-06-10 10:45:10,0.0,0.0,"ACC开,3D定位,天线正常","湖南省长沙市宁乡县,距魏家冲 约92米,距望塔仑 约246米",112.525082,28.256444,0.0,1.818246739178225
646,,2017-06-10 10:46:10,0.0,0.0,"ACC开,3D定位,天线正常","湖南省长沙市宁乡县,距魏家冲 约93米,距望塔仑 约247米",112.525072,28.256451,0.0,1.2510680636975442
647,,2017-06-10 10:47:10,0.0,0.0,"ACC开,3D定位,天线正常","湖南省长沙市宁乡县,距魏家冲 约93米,距望塔仑 约248米",112.525064,28.256442,0.0,1.271013694677335
648,,2017-06-10 10:48:10,0.0,0.0,"ACC开,3D定位,天线正常","湖南省长沙市宁乡县,距魏家冲 约94米,距望塔仑 约248米",112.525058,28.256442,0.0,0.5876688061938821
649,,2017-06-10 10:49:10,0.0,0.0,"ACC开,3D定位,天线正常","湖南省长沙市宁乡县,距魏家冲 约94米,距望塔仑 约248米",112.525053,28.256448,0.0,0.8276146851649459
650,,2017-06-10 10:50:10,0.0,0.0,"ACC开,3D定位,天线正常","湖南省长沙市宁乡县,距魏家冲 约92米,距望塔仑 约246米",112.525079,28.256451,0.0,2.5683205907932294
651,,2017-06-10 10:51:10,0.0,0.0,"ACC开,3D定位,天线正常","湖南省长沙市宁乡县,距魏家冲 约91米,距望塔仑 约246米",112.525084,28.256441,0.0,1.2150161522212408
652,,2017-06-10 10:52:10,0.0,0.0,"ACC开,3D定位,天线正常","湖南省长沙市宁乡县,距魏家冲 约92米,距望塔仑 约248米",112.525078,28.256425,0.0,1.873666839688689
653,,2017-06-10 10:53:10,0.0,0.0,"ACC开,3D定位,天线正常","湖南省长沙市宁乡县,距魏家冲 约91米,距望塔仑 约247米",112.52508799999998,28.256432,0.0,1.2510681972174702
654,,2017-06-10 10:54:10,0.0,0.0,"ACC开,3D定位,天线正常","湖南省长沙市宁乡县,距魏家冲 约90米,距望塔仑 约245米",112.525096,28.256442,0.0,1.360293536272602
655,,2017-06-10 10:55:10,0.0,0.0,"ACC开,3D定位,天线正常","湖南省长沙市宁乡县,距魏家冲 约90米,距望塔仑 约246米",112.525095,28.256437,0.0,0.5645368465861813
656,,2017-06-10 10:56:10,0.0,0.0,"ACC开,3D定位,天线正常","湖南省长沙市宁乡县,距魏家冲 约90米,距望塔仑 约245米",112.525098,28.25644,0.0,0.4445422176275825
657,,2017-06-10 10:57:10,0.0,0.0,"ACC开,3D定位,天线正常","湖南省长沙市宁乡县,距魏家冲 约89米,距望塔仑 约246米",112.5251,28.256429,0.0,1.2387326937328644
658,,2017-06-10 10:58:10,0.0,0.0,"ACC开,3D定位,天线正常","湖南省长沙市宁乡县,距魏家冲 约89米,距望塔仑 约246米",112.525103,28.256421000000003,0.0,0.9368334260207472
659,,2017-06-10 10:59:10,0.0,0.0,"ACC开,3D定位,天线正常","湖南省长沙市宁乡县,距魏家冲 约89米,距望塔仑 约246米",112.525104,28.256423,0.0,0.2430032389355451
660,,2017-06-10 11:00:10,0.0,0.0,"ACC开,3D定位,天线正常","湖南省长沙市宁乡县,距魏家冲 约89米,距望塔仑 约246米",112.525107,28.256425,0.0,0.3685051867571693
661,,2017-06-10 11:01:10,0.0,0.0,"ACC开,3D定位,天线正常","湖南省长沙市宁乡县,距魏家冲 约89米,距望塔仑 约246米",112.525108,28.256424,0.0,0.14818074764672073
662,,2017-06-10 11:02:10,0.0,0.0,"ACC开,3D定位,天线正常","湖南省长沙市宁乡县,距魏家冲 约89米,距望塔仑 约246米",112.525107,28.256427,0.0,0.3476669489366495
663,,2017-06-10 11:03:10,0.0,0.0,"ACC开,3D定位,天线正常","湖南省长沙市宁乡县,距魏家冲 约88米,距望塔仑 约246米",112.525109,28.256423,0.0,0.4860064771661116
664,,2017-06-10 11:04:10,0.0,0.0,"ACC开,3D定位,天线正常","湖南省长沙市宁乡县,距魏家冲 约89米,距望塔仑 约247米",112.5251,28.256416,0.0,1.1759682092982706
665,,2017-06-10 11:05:10,0.0,0.0,"ACC开,3D定位,天线正常","湖南省长沙市宁乡县,距魏家冲 约89米,距望塔仑 约247米",112.525097,28.256414000000003,0.0,0.3685052059835621
666,,2017-06-10 11:06:10,0.0,0.0,"ACC开,3D定位,天线正常","湖南省长沙市宁乡县,距魏家冲 约90米,距望塔仑 约248米",112.525094,28.256412,0.0,0.3685052105925965
667,,2017-06-10 11:07:10,0.0,0.0,"ACC开,3D定位,天线正常","湖南省长沙市宁乡县,距魏家冲 约89米,距望塔仑 约248米",112.525097,28.256404,0.0,0.9368334420606701
668,,2017-06-10 11:08:10,0.0,0.0,"ACC开,3D定位,天线正常","湖南省长沙市宁乡县,距魏家冲 约89米,距望塔仑 约248米",112.5251,28.256401,0.0,0.4445422819682671
669,,2017-06-10 11:09:10,0.0,0.0,"ACC开,3D定位,天线正常","湖南省长沙市宁乡县,距魏家冲 约89米,距望塔仑 约248米",112.525103,28.256396,0.0,0.6288460801842286
670,,2017-06-10 11:10:10,0.0,0.0,"ACC开,3D定位,天线正常","湖南省长沙市宁乡县,距魏家冲 约89米,距望塔仑 约249米",112.5251,28.256392,0.0,0.5330743676054294
671,,2017-06-10 11:11:10,0.0,0.0,"ACC开,3D定位,天线正常","湖南省长沙市宁乡县,距魏家冲 约89米,距望塔仑 约249米",112.525097,28.256387,0.0,0.6288460920881498
672,,2017-06-10 11:12:10,0.0,0.0,"ACC开,3D定位,天线正常","湖南省长沙市宁乡县,距魏家冲 约90米,距望塔仑 约249米",112.52508799999998,28.256396,0.0,1.333626907797469
673,,2017-06-10 11:13:10,0.0,0.0,"ACC开,3D定位,天线正常","湖南省长沙市宁乡县,距魏家冲 约89米,距望塔仑 约249米",112.525098,28.256389,0.0,1.251068458688159
674,,2017-06-10 11:14:10,0.0,0.0,"ACC开,3D定位,天线正常","湖南省长沙市宁乡县,距魏家冲 约89米,距望塔仑 约248米",112.525099,28.256395,0.0,0.6743216383435726
675,,2017-06-10 11:15:10,0.0,0.0,"ACC开,3D定位,天线正常","湖南省长沙市宁乡县,距魏家冲 约88米,距望塔仑 约249米",112.525103,28.256388,0.0,0.8714035098516295
676,,2017-06-10 11:16:10,0.0,0.0,"ACC开,3D定位,天线正常","湖南省长沙市宁乡县,距魏家冲 约89米,距望塔仑 约250米",112.5251,28.256377,0.0,1.2579446321243293
677,,2017-06-10 11:17:10,0.0,0.0,"ACC开,3D定位,天线正常","湖南省长沙市宁乡县,距魏家冲 约89米,距望塔仑 约250米",112.5251,28.256374,0.0,0.33358525107692344
678,,2017-06-10 11:18:10,0.0,0.0,"ACC开,3D定位,天线正常","湖南省长沙市宁乡县,距魏家冲 约89米,距望塔仑 约250米",112.525098,28.256371,0.0,0.3868486856575391
679,,2017-06-10 11:19:10,0.0,0.0,"ACC开,3D定位,天线正常","湖南省长沙市宁乡县,距魏家冲 约90米,距望塔仑 约251米",112.52508600000002,28.256378,0.0,1.4097067926484956
680,,2017-06-10 11:20:10,0.0,0.0,"ACC开,3D定位,天线正常","湖南省长沙市宁乡县,距魏家冲 约90米,距望塔仑 约251米",112.525085,28.256377,0.0,0.14818077754385398
681,,2017-06-10 11:21:10,0.0,0.0,"ACC开,3D定位,天线正常","湖南省长沙市宁乡县,距魏家冲 约90米,距望塔仑 约251米",112.52509,28.256371,0.0,0.8276148781066921
682,,2017-06-10 11:22:10,0.0,0.0,"ACC开,3D定位,天线正常","湖南省长沙市宁乡县,距魏家冲 约89米,距望塔仑 约251米",112.525091,28.256369,0.0,0.2430032579202906
683,,2017-06-10 11:23:10,0.0,0.0,"ACC开,3D定位,天线正常","湖南省长沙市宁乡县,距魏家冲 约90米,距望塔仑 约251米",112.525089,28.256371,0.0,0.2963615606287787
684,,2017-06-10 11:24:10,0.0,0.0,"ACC开,3D定位,天线正常","湖南省长沙市宁乡县,距魏家冲 约90米,距望塔仑 约252米",112.525089,28.256362,0.0,1.000755753938098
685,,2017-06-10 11:25:10,0.0,0.0,"ACC开,3D定位,天线正常","湖南省长沙市宁乡县,距魏家冲 约89米,距望塔仑 约250米",112.525097,28.256374,0.0,1.5473947629379483
686,,2017-06-10 11:26:10,0.0,0.0,"ACC开,3D定位,天线正常","湖南省长沙市宁乡县,距魏家冲 约89米,距望塔仑 约249米",112.525095,28.256391,0.0,1.9004391490846329
687,,2017-06-10 11:27:10,0.0,0.0,"ACC开,3D定位,天线正常","湖南省长沙市宁乡县,距魏家冲 约89米,距望塔仑 约249米",112.525099,28.256387,0.0,0.5927230755396334
688,,2017-06-10 11:28:10,0.0,0.0,"ACC开,3D定位,天线正常","湖南省长沙市宁乡县,距魏家冲 约89米,距望塔仑 约249米",112.525101,28.256391,0.0,0.4860065030528585
689,,2017-06-10 11:29:10,0.0,0.0,"ACC开,3D定位,天线正常","湖南省长沙市宁乡县,距魏家冲 约89米,距望塔仑 约249米",112.5251,28.256392,0.0,0.14818076802926244
690,,2017-06-10 11:30:10,0.0,0.0,"ACC开,3D定位,天线正常","湖南省长沙市宁乡县,距魏家冲 约89米,距望塔仑 约249米",112.525094,28.256389,0.0,0.6757470535433592
691,,2017-06-10 11:31:10,0.0,0.0,"ACC开,3D定位,天线正常","湖南省长沙市宁乡县,距魏家冲 约89米,距望塔仑 约250米",112.525093,28.256381,0.0,0.8949365229879442
692,,2017-06-10 11:32:10,0.0,0.0,"ACC开,3D定位,天线正常","湖南省长沙市宁乡县,距魏家冲 约89米,距望塔仑 约250米",112.525092,28.256381,0.0,0.09794485770046757
693,,2017-06-10 11:33:10,0.0,0.0,"ACC开,3D定位,天线正常","湖南省长沙市宁乡县,距魏家冲 约89米,距望塔仑 约249米",112.525099,28.256383000000003,0.0,0.7207800890537186
694,,2017-06-10 11:34:10,0.0,0.0,"ACC开,3D定位,天线正常","湖南省长沙市宁乡县,距魏家冲 约87米,距望塔仑 约248米",112.525117,28.256385,0.0,1.7769784517918137
695,,2017-06-10 11:35:10,0.0,0.0,"ACC开,3D定位,天线正常","湖南省长沙市宁乡县,距魏家冲 约87米,距望塔仑 约247米",112.525121,28.256386,0.0,0.4072535513334004
696,,2017-06-10 11:36:10,0.0,0.0,"ACC开,3D定位,天线正常","湖南省长沙市宁乡县,距魏家冲 约86米,距望塔仑 约247米",112.525124,28.256383000000003,0.0,0.44454231423124974
697,,2017-06-10 11:37:10,0.0,0.0,"ACC开,3D定位,天线正常","湖南省长沙市宁乡县,距魏家冲 约85米,距望塔仑 约246米",112.525142,28.25638,0.0,1.7942893547256342
698,,2017-06-10 11:38:10,0.0,0.0,"ACC开,3D定位,天线正常","湖南省长沙市宁乡县,距魏家冲 约84米,距望塔仑 约246米",112.525147,28.256381,0.0,0.5021894340882705
699,,2017-06-10 11:39:10,0.0,0.0,"ACC开,3D定位,天线正常","湖南省长沙市宁乡县,距魏家冲 约85米,距望塔仑 约246米",112.52514,28.256385,0.0,0.8172490985063873
700,,2017-06-10 11:40:10,0.0,0.0,"ACC开,3D定位,天线正常","湖南省长沙市宁乡县,距魏家冲 约85米,距望塔仑 约246米",112.525134,28.256389,0.0,0.7370105352849335
701,,2017-06-10 11:41:10,0.0,0.0,"ACC开,3D定位,天线正常","湖南省长沙市宁乡县,距魏家冲 约86米,距望塔仑 约246米",112.52513,28.256394,0.0,0.6801468640789653
702,,2017-06-10 11:42:10,0.0,0.0,"ACC开,3D定位,天线正常","湖南省长沙市宁乡县,距魏家冲 约86米,距望塔仑 约246米",112.525131,28.256399,0.0,0.5645368531926424
703,,2017-06-10 11:43:10,0.0,0.0,"ACC开,3D定位,天线正常","湖南省长沙市宁乡县,距魏家冲 约86米,距望塔仑 约246米",112.525128,28.256401,0.0,0.3685052395043876
704,,2017-06-10 11:44:10,0.0,0.0,"ACC开,3D定位,天线正常","湖南省长沙市宁乡县,距魏家冲 约89米,距望塔仑 约248米",112.525103,28.2564,0.0,2.4511444427262794
705,,2017-06-10 11:45:10,0.0,0.0,"ACC开,3D定位,天线正常","湖南省长沙市宁乡县,距魏家冲 约88米,距望塔仑 约247米",112.525111,28.256397,0.0,0.8516122393580116
706,,2017-06-10 11:46:10,0.0,0.0,"ACC开,3D定位,天线正常","湖南省长沙市宁乡县,距魏家冲 约88米,距望塔仑 约248米",112.525111,28.256391,0.0,0.6671705021538478
707,,2017-06-10 11:47:10,0.0,0.0,"ACC开,3D定位,天线正常","湖南省长沙市宁乡县,距魏家冲 约88米,距望塔仑 约248米",112.525108,28.256392,0.0,0.3141704730037017
708,,2017-06-10 11:48:10,0.0,0.0,"ACC开,3D定位,天线正常","湖南省长沙市宁乡县,距魏家冲 约88米,距望塔仑 约248米",112.525109,28.256394,0.0,0.24300325082439655
709,,2017-06-10 11:49:10,0.0,0.0,"ACC开,3D定位,天线正常","湖南省长沙市宁乡县,距魏家冲 约88米,距望塔仑 约248米",112.525108,28.256395,0.0,0.14818076676563233
710,,2017-06-10 11:50:10,0.0,0.0,"ACC开,3D定位,天线正常","湖南省长沙市宁乡县,距魏家冲 约89米,距望塔仑 约248米",112.525103,28.256399,0.0,0.6615582753735083
711,,2017-06-10 11:51:10,0.0,0.0,"ACC开,3D定位,天线正常","湖南省长沙市宁乡县,距魏家冲 约88米,距望塔仑 约251米",112.525103,28.256353000000004,0.0,5.11497385102558
712,,2017-06-10 11:52:10,0.0,0.0,"ACC开,3D定位,天线正常","湖南省长沙市宁乡县,距魏家冲 约87米,距望塔仑 约249米",112.525113,28.256373,0.0,2.4300326100345138
713,,2017-06-10 11:53:10,0.0,0.0,"ACC开,3D定位,天线正常","湖南省长沙市宁乡县,距魏家冲 约87米,距望塔仑 约249米",112.525113,28.256366,0.0,0.7783655863177056
714,,2017-06-10 11:54:10,0.0,0.0,"ACC开,3D定位,天线正常","湖南省长沙市宁乡县,距魏家冲 约87米,距望塔仑 约249米",112.525118,28.25637,0.0,0.6615583747054729
715,,2017-06-10 11:55:10,0.0,0.0,"ACC开,3D定位,天线正常","湖南省长沙市宁乡县,距魏家冲 约88米,距望塔仑 约250米",112.525101,28.256369,0.0,1.6687714997233583
716,,2017-06-10 11:56:10,0.0,0.0,"ACC开,3D定位,天线正常","湖南省长沙市宁乡县,距魏家冲 约88米,距望塔仑 约250米",112.525101,28.25637,0.0,0.11119508416385716
717,,2017-06-10 11:57:10,0.0,0.0,"ACC开,3D定位,天线正常","湖南省长沙市宁乡县,距魏家冲 约88米,距望塔仑 约251米",112.525101,28.256354,0.0,1.7791213399021586
718,,2017-06-10 11:58:10,0.0,0.0,"ACC开,3D定位,天线正常","湖南省长沙市宁乡县,距魏家冲 约88米,距望塔仑 约251米",112.525099,28.256352000000003,0.0,0.2963615815288717
719,,2017-06-10 11:59:10,0.0,0.0,"ACC开,3D定位,天线正常","湖南省长沙市宁乡县,距魏家冲 约86米,距望塔仑 约249米",112.525128,28.256363,0.0,3.092566339549609
720,,2017-06-10 12:00:10,0.0,0.0,"ACC开,3D定位,天线正常","湖南省长沙市宁乡县,距魏家冲 约86米,距望塔仑 约249米",112.525125,28.256363,0.0,0.2938346214689724
721,,2017-06-10 12:01:10,0.0,0.0,"ACC开,3D定位,天线正常","湖南省长沙市宁乡县,距魏家冲 约85米,距望塔仑 约252米",112.525132,28.256317,0.0,5.160719370453106
722,,2017-06-10 12:02:10,0.0,0.0,"ACC开,3D定位,天线正常","湖南省长沙市宁乡县,距魏家冲 约85米,距望塔仑 约261米",112.525144,28.256178,0.0,15.500740790840462
723,,2017-06-10 12:03:10,0.0,0.0,"ACC开,3D定位,天线正常","湖南省长沙市宁乡县,距魏家冲 约84米,距望塔仑 约261米",112.525146,28.256184,0.0,0.6953340231729433
724,,2017-06-10 12:04:10,0.0,0.0,"ACC开,3D定位,天线正常","湖南省长沙市宁乡县,距魏家冲 约84米,距望塔仑 约259米",112.525149,28.25620300000001,0.0,2.133042006867499
725,,2017-06-10 12:05:10,0.0,0.0,"ACC开,3D定位,天线正常","湖南省长沙市宁乡县,距魏家冲 约83米,距望塔仑 约258米",112.525151,28.25621,0.0,0.8026368355706796
726,,2017-06-10 12:06:10,0.0,0.0,"ACC开,3D定位,天线正常","湖南省长沙市宁乡县,距魏家冲 约84米,距望塔仑 约257米",112.525146,28.256226,0.0,1.8452922136594585
727,,2017-06-10 12:07:10,0.0,0.0,"ACC开,3D定位,天线正常","湖南省长沙市宁乡县,距魏家冲 约84米,距望塔仑 约257米",112.525147,28.256229,0.0,0.34766699951926644
728,,2017-06-10 12:08:10,0.0,0.0,"ACC开,3D定位,天线正常","湖南省长沙市宁乡县,距魏家冲 约84米,距望塔仑 约257米",112.525146,28.256233,0.0,0.455436899090255
729,,2017-06-10 12:09:10,0.0,0.0,"ACC开,3D定位,天线正常","湖南省长沙市宁乡县,距魏家冲 约84米,距望塔仑 约256米",112.525147,28.256241,0.0,0.8949365374044792
730,,2017-06-10 12:10:10,0.0,0.0,"ACC开,3D定位,天线正常","湖南省长沙市宁乡县,距魏家冲 约84米,距望塔仑 约256米",112.525144,28.256244,0.0,0.4445425747146506
731,,2017-06-10 12:11:10,0.0,0.0,"ACC开,3D定位,天线正常","湖南省长沙市宁乡县,距魏家冲 约84米,距望塔仑 约256米",112.525144,28.256244,0.0,0.0
732,,2017-06-10 12:12:10,0.0,0.0,"ACC开,3D定位,天线正常","湖南省长沙市宁乡县,距魏家冲 约84米,距望塔仑 约256米",112.525143,28.256245,0.0,0.1481808559465643
733,,2017-06-10 12:13:10,0.0,0.0,"ACC开,3D定位,天线正常","湖南省长沙市宁乡县,距魏家冲 约83米,距望塔仑 约256米",112.525147,28.25625,0.0,0.6801471692054137
734,,2017-06-10 12:14:10,0.0,0.0,"ACC开,3D定位,天线正常","湖南省长沙市宁乡县,距魏家冲 约84米,距望塔仑 约255米",112.525143,28.25625800000001,0.0,0.9720132072438248
735,,2017-06-10 12:15:10,0.0,0.0,"ACC开,3D定位,天线正常","湖南省长沙市宁乡县,距魏家冲 约84米,距望塔仑 约255米",112.525142,28.256262,0.0,0.4554368923240555
736,,2017-06-10 12:16:10,0.0,0.0,"ACC开,3D定位,天线正常","湖南省长沙市宁乡县,距魏家冲 约84米,距望塔仑 约254米",112.525142,28.256273,0.0,1.2231459201438435
737,,2017-06-10 12:17:10,0.0,0.0,"ACC开,3D定位,天线正常","湖南省长沙市宁乡县,距魏家冲 约83米,距望塔仑 约253米",112.525154,28.256283000000003,0.0,1.6179794276818609
738,,2017-06-10 12:18:10,0.0,0.0,"ACC开,3D定位,天线正常","湖南省长沙市宁乡县,距魏家冲 约82米,距望塔仑 约252米",112.525161,28.256287,0.0,0.8172496272634987
739,,2017-06-10 12:19:10,0.0,0.0,"ACC开,3D定位,天线正常","湖南省长沙市宁乡县,距魏家冲 约82米,距望塔仑 约251米",112.52516,28.25629600000001,0.0,1.0055373148580036
740,,2017-06-10 12:20:10,0.0,0.0,"ACC开,3D定位,天线正常","湖南省长沙市宁乡县,距魏家冲 约82米,距望塔仑 约251米",112.525158,28.2563,0.0,0.4860065691563678
741,,2017-06-10 12:21:10,0.0,0.0,"ACC开,3D定位,天线正常","湖南省长沙市宁乡县,距魏家冲 约83米,距望塔仑 约250米",112.525156,28.256317,0.0,1.900439163675825
742,,2017-06-10 12:22:10,0.0,0.0,"ACC开,3D定位,天线正常","湖南省长沙市宁乡县,距魏家冲 约83米,距望塔仑 约247米",112.525152,28.256357,0.0,4.4650247348106165
743,,2017-06-10 12:23:10,0.0,0.0,"ACC开,3D定位,天线正常","湖南省长沙市宁乡县,距魏家冲 约84米,距望塔仑 约248米",112.525143,28.256361,0.0,0.9873594429965828
744,,2017-06-10 12:24:10,0.0,0.0,"ACC开,3D定位,天线正常","湖南省长沙市宁乡县,距魏家冲 约84米,距望塔仑 约248米",112.525144,28.25636,0.0,0.14818078595515144
745,,2017-06-10 12:25:10,0.0,0.0,"ACC开,3D定位,天线正常","湖南省长沙市宁乡县,距魏家冲 约84米,距望塔仑 约248米",112.525141,28.256359000000003,0.0,0.3141705537559623
746,,2017-06-10 12:26:10,0.0,0.0,"ACC开,3D定位,天线正常","湖南省长沙市宁乡县,距魏家冲 约85米,距望塔仑 约249米",112.52513799999998,28.25635,0.0,1.043000900337145
747,,2017-06-10 12:27:10,0.0,0.0,"ACC开,3D定位,天线正常","湖南省长沙市宁乡县,距魏家冲 约85米,距望塔仑 约249米",112.525132,28.256354,0.0,0.7370106874969136
748,,2017-06-10 12:28:10,0.0,0.0,"ACC开,3D定位,天线正常","湖南省长沙市宁乡县,距魏家冲 约86米,距望塔仑 约250米",112.525126,28.256347,0.0,0.9752990343007852
749,,2017-06-10 12:29:10,0.0,0.0,"ACC开,3D定位,天线正常","湖南省长沙市宁乡县,距魏家冲 约85米,距望塔仑 约252米",112.525136,28.256312,0.0,4.013183907354847
750,,2017-06-10 12:30:10,0.0,0.0,"ACC开,3D定位,天线正常","湖南省长沙市宁乡县,距魏家冲 约83米,距望塔仑 约251米",112.525151,28.256307,0.0,1.5708534152634688
751,,2017-06-10 12:31:10,0.0,0.0,"ACC开,3D定位,天线正常","湖南省长沙市宁乡县,距魏家冲 约83米,距望塔仑 约251米",112.525153,28.256308,0.0,0.2252491516096594
752,,2017-06-10 12:32:10,0.0,0.0,"ACC开,3D定位,天线正常","湖南省长沙市宁乡县,距魏家冲 约83米,距望塔仑 约250米",112.525148,28.256318,0.0,1.2150163985512197
753,,2017-06-10 12:33:10,0.0,0.0,"ACC开,3D定位,天线正常","湖南省长沙市宁乡县,距魏家冲 约83米,距望塔仑 约250米",112.525148,28.256327,0.0,1.0007557535844358
754,,2017-06-10 12:34:10,0.0,0.0,"ACC开,3D定位,天线正常","湖南省长沙市宁乡县,距魏家冲 约84米,距望塔仑 约250米",112.525147,28.25633,0.0,0.3476669726747412
755,,2017-06-10 12:35:10,0.0,0.0,"ACC开,3D定位,天线正常","湖南省长沙市宁乡县,距魏家冲 约83米,距望塔仑 约250米",112.525148,28.25633,0.0,0.09794490331169817
756,,2017-06-10 12:36:10,0.0,0.0,"ACC开,3D定位,天线正常","湖南省长沙市宁乡县,距魏家冲 约83米,距望塔仑 约249米",112.525149,28.25633400000001,0.0,0.4554368799020789
757,,2017-06-10 12:37:10,0.0,0.0,"ACC开,3D定位,天线正常","湖南省长沙市宁乡县,距魏家冲 约84米,距望塔仑 约249米",112.525144,28.256345,0.0,1.3175416524259989
758,,2017-06-10 12:38:10,0.0,0.0,"ACC开,3D定位,天线正常","湖南省长沙市宁乡县,距魏家冲 约84米,距望塔仑 约248米",112.525141,28.256353000000004,0.0,0.9368334925947784
759,,2017-06-10 12:39:10,0.0,0.0,"ACC开,3D定位,天线正常","湖南省长沙市宁乡县,距魏家冲 约86米,距望塔仑 约246米",112.525133,28.256392,0.0,4.406828317726788
760,,2017-06-10 12:40:10,0.0,0.0,"ACC开,3D定位,天线正常","湖南省长沙市宁乡县,距魏家冲 约87米,距望塔仑 约247米",112.52512,28.256393,0.0,1.2781290888670258
761,,2017-06-10 12:41:10,0.0,0.0,"ACC开,3D定位,天线正常","湖南省长沙市宁乡县,距魏家冲 约89米,距望塔仑 约248米",112.525098,28.256398,0.0,2.2253570090257746
762,,2017-06-10 12:42:10,0.0,0.0,"ACC开,3D定位,天线正常","湖南省长沙市宁乡县,距魏家冲 约89米,距望塔仑 约248米",112.5251,28.256405,0.0,0.8026367488057968
763,,2017-06-10 12:43:10,0.0,0.0,"ACC开,3D定位,天线正常","湖南省长沙市宁乡县,距魏家冲 约90米,距望塔仑 约248米",112.525092,28.256407,0.0,0.8145069578691961
764,,2017-06-10 12:44:10,0.0,0.0,"ACC开,3D定位,天线正常","湖南省长沙市宁乡县,距魏家冲 约92米,距望塔仑 约249米",112.525071,28.256411,0.0,2.1043826527909992
765,,2017-06-10 12:45:10,0.0,0.0,"ACC开,3D定位,天线正常","湖南省长沙市宁乡县,距魏家冲 约94米,距望塔仑 约252米",112.525044,28.256396,0.0,3.1265658885056697
766,,2017-06-10 12:46:10,0.0,0.0,"ACC开,3D定位,天线正常","湖南省长沙市宁乡县,距魏家冲 约100米,距望塔仑 约257米",112.524988,28.256397,0.0,5.4860382191805614
767,,2017-06-10 12:47:10,0.0,0.0,"ACC开,3D定位,天线正常","湖南省长沙市宁乡县,距魏家冲 约97米,距望塔仑 约254米",112.52501399999998,28.256412,0.0,3.0441706594374853
768,,2017-06-10 12:48:10,0.0,0.0,"ACC开,3D定位,天线正常","湖南省长沙市宁乡县,距魏家冲 约97米,距望塔仑 约254米",112.525016,28.256411,0.0,0.2252489850382321
769,,2017-06-10 12:49:10,0.0,0.0,"ACC开,3D定位,天线正常","湖南省长沙市宁乡县,距魏家冲 约97米,距望塔仑 约255米",112.52502,28.256387,0.0,2.69728655092143
770,,2017-06-10 12:50:10,0.0,0.0,"ACC开,3D定位,天线正常","湖南省长沙市宁乡县,距魏家冲 约97米,距望塔仑 约256米",112.525015,28.256382,0.0,0.7409038581032286
771,,2017-06-10 12:51:10,0.0,0.0,"ACC开,3D定位,天线正常","湖南省长沙市宁乡县,距魏家冲 约97米,距望塔仑 约255米",112.525013,28.256398,0.0,1.7898730442198156
772,,2017-06-10 12:52:10,0.0,0.0,"ACC开,3D定位,天线正常","湖南省长沙市宁乡县,距魏家冲 约97米,距望塔仑 约254米",112.525013,28.256404,0.0,0.6671705021538479
773,,2017-06-10 12:53:10,0.0,0.0,"ACC开,3D定位,天线正常","湖南省长沙市宁乡县,距魏家冲 约97米,距望塔仑 约255米",112.525011,28.256390000000003,0.0,1.56900755476842
774,,2017-06-10 12:54:10,0.0,0.0,"ACC开,3D定位,天线正常","湖南省长沙市宁乡县,距魏家冲 约97米,距望塔仑 约255米",112.525015,28.256391,0.0,0.4072535323608734
775,,2017-06-10 12:55:10,0.0,0.0,"ACC开,3D定位,天线正常","湖南省长沙市宁乡县,距魏家冲 约97米,距望塔仑 约255米",112.525018,28.256390000000003,0.0,0.31417047396621434
776,,2017-06-10 12:56:10,0.0,0.0,"ACC开,3D定位,天线正常","湖南省长沙市宁乡县,距魏家冲 约97米,距望塔仑 约255米",112.525019,28.256383000000003,0.0,0.7845037794965848
777,,2017-06-10 12:57:10,0.0,0.0,"ACC开,3D定位,天线正常","湖南省长沙市宁乡县,距魏家冲 约96米,距望塔仑 约255米",112.525024,28.256378,0.0,0.7409038707798393
778,,2017-06-10 12:58:10,0.0,0.0,"ACC开,3D定位,天线正常","湖南省长沙市宁乡县,距魏家冲 约96米,距望塔仑 约255米",112.525025,28.25638,0.0,0.24300325518297056
779,,2017-06-10 12:59:10,0.0,0.0,"ACC开,3D定位,天线正常","湖南省长沙市宁乡县,距魏家冲 约96米,距望塔仑 约256米",112.525024,28.256369,0.0,1.227061180526511
780,,2017-06-10 13:00:10,0.0,0.0,"ACC开,3D定位,天线正常","湖南省长沙市宁乡县,距魏家冲 约95米,距望塔仑 约255米",112.525037,28.256371,0.0,1.2925585835687152
781,,2017-06-10 13:01:10,0.0,0.0,"ACC开,3D定位,天线正常","湖南省长沙市宁乡县,距魏家冲 约94米,距望塔仑 约255米",112.525044,28.256365,0.0,0.956652052003157
782,,2017-06-10 13:02:10,0.0,0.0,"ACC开,3D定位,天线正常","湖南省长沙市宁乡县,距魏家冲 约94米,距望塔仑 约255米",112.525044,28.256362,0.0,0.3335852517842475
783,,2017-06-10 13:03:10,0.0,0.0,"ACC开,3D定位,天线正常","湖南省长沙市宁乡县,距魏家冲 约94米,距望塔仑 约255米",112.525046,28.256365,0.0,0.3868486959294603
784,,2017-06-10 13:04:10,0.0,0.0,"ACC开,3D定位,天线正常","湖南省长沙市宁乡县,距魏家冲 约93米,距望塔仑 约254米",112.52505,28.256364,0.0,0.4072536246095237
785,,2017-06-10 13:05:10,0.0,0.0,"ACC开,3D定位,天线正常","湖南省长沙市宁乡县,距魏家冲 约93米,距望塔仑 约254米",112.525054,28.256363,0.0,0.40725362915057256
786,,2017-06-10 13:06:10,0.0,0.0,"ACC开,3D定位,天线正常","湖南省长沙市宁乡县,距魏家冲 约92米,距望塔仑 约254米",112.525062,28.25636,0.0,0.8516124882969379
787,,2017-06-10 13:07:10,0.0,0.0,"ACC开,3D定位,天线正常","湖南省长沙市宁乡县,距魏家冲 约92米,距望塔仑 约254米",112.52506499999998,28.256354,0.0,0.7290097893966279
788,,2017-06-10 13:08:10,0.0,0.0,"ACC开,3D定位,天线正常","湖南省长沙市宁乡县,距魏家冲 约92米,距望塔仑 约254米",112.52506499999998,28.256352000000003,0.0,0.22239016691306615
789,,2017-06-10 13:09:10,0.0,0.0,"ACC开,3D定位,天线正常","湖南省长沙市宁乡县,距魏家冲 约91米,距望塔仑 约254米",112.525072,28.256343,0.0,1.213086532682757
790,,2017-06-10 13:10:10,0.0,0.0,"ACC开,3D定位,天线正常","湖南省长沙市宁乡县,距魏家冲 约90米,距望塔仑 约254米",112.525081,28.256337,0.0,1.1055161135685772
791,,2017-06-10 13:11:10,0.0,0.0,"ACC开,3D定位,天线正常","湖南省长沙市宁乡县,距魏家冲 约86米,距望塔仑 约253米",112.52512,28.256316,0.0,4.477046068517027
792,,2017-06-10 13:12:10,0.0,0.0,"ACC开,3D定位,天线正常","湖南省长沙市宁乡县,距魏家冲 约84米,距望塔仑 约252米",112.525139,28.256311,0.0,1.9422297683586325
793,,2017-06-10 13:13:10,0.0,0.0,"ACC开,3D定位,天线正常","湖南省长沙市宁乡县,距魏家冲 约84米,距望塔仑 约252米",112.525139,28.256311,0.0,0.0
794,,2017-06-10 13:14:10,0.0,0.0,"ACC开,3D定位,天线正常","湖南省长沙市宁乡县,距魏家冲 约84米,距望塔仑 约251米",112.525143,28.256318,0.0,0.8714036375884449
795,,2017-06-10 13:15:10,0.0,0.0,"ACC开,3D定位,天线正常","湖南省长沙市宁乡县,距魏家冲 约84米,距望塔仑 约251米",112.525142,28.256321000000003,0.0,0.34766697604569563
796,,2017-06-10 13:16:10,0.0,0.0,"ACC开,3D定位,天线正常","湖南省长沙市宁乡县,距魏家冲 约84米,距望塔仑 约250米",112.525143,28.256328000000003,0.0,0.7845037865143268
797,,2017-06-10 13:17:10,0.0,0.0,"ACC开,3D定位,天线正常","湖南省长沙市宁乡县,距魏家冲 约83米,距望塔仑 约248米",112.525158,28.25634,0.0,1.984675468067468
798,,2017-06-10 13:18:10,0.0,0.0,"ACC开,3D定位,天线正常","湖南省长沙市宁乡县,距魏家冲 约80米,距望塔仑 约244米",112.525191,28.256358,0.0,3.80171592889242
799,,2017-06-10 13:19:10,0.0,0.0,"ACC开,3D定位,天线正常","湖南省长沙市宁乡县,距魏家冲 约80米,距望塔仑 约245米",112.525185,28.256358,0.0,0.5876692692549947
800,,2017-06-10 13:20:10,0.0,0.0,"ACC开,3D定位,天线正常","湖南省长沙市宁乡县,距魏家冲 约81米,距望塔仑 约246米",112.525175,28.256344,0.0,1.839220484309432
801,,2017-06-10 13:21:10,0.0,0.0,"ACC开,3D定位,天线正常","湖南省长沙市宁乡县,距魏家冲 约81米,距望塔仑 约246米",112.525173,28.25635,0.0,0.6953339379298131
802,,2017-06-10 13:22:10,0.0,0.0,"ACC开,3D定位,天线正常","湖南省长沙市宁乡县,距魏家冲 约81米,距望塔仑 约247米",112.525171,28.256343,0.0,0.8026367741048324
803,,2017-06-10 13:23:10,0.0,0.0,"ACC开,3D定位,天线正常","湖南省长沙市宁乡县,距魏家冲 约82米,距望塔仑 约246米",112.52517,28.256353000000004,0.0,1.1162561833072848
804,,2017-06-10 13:24:10,0.0,0.0,"ACC开,3D定位,天线正常","湖南省长沙市宁乡县,距魏家冲 约82米,距望塔仑 约246米",112.525169,28.25636,0.0,0.7845037823372042
805,,2017-06-10 13:25:10,0.0,0.0,"ACC开,3D定位,天线正常","湖南省长沙市宁乡县,距魏家冲 约82米,距望塔仑 约246米",112.525167,28.256361,0.0,0.2252490658302813
806,,2017-06-10 13:26:10,0.0,0.0,"ACC开,3D定位,天线正常","湖南省长沙市宁乡县,距魏家冲 约82米,距望塔仑 约245米",112.525166,28.256367,0.0,0.6743216417302904
807,,2017-06-10 13:27:10,0.0,0.0,"ACC开,3D定位,天线正常","湖南省长沙市宁乡县,距魏家冲 约82米,距望塔仑 约245米",112.525166,28.256371,0.0,0.4447803355944428
808,,2017-06-10 13:28:10,0.0,0.0,"ACC开,3D定位,天线正常","湖南省长沙市宁乡县,距魏家冲 约82米,距望塔仑 约245米",112.525164,28.25638,0.0,1.0197474503974175
809,,2017-06-10 13:29:10,0.0,0.0,"ACC开,3D定位,天线正常","湖南省长沙市宁乡县,距魏家冲 约83米,距望塔仑 约245米",112.525155,28.25638,0.0,0.8815037238349231
810,,2017-06-10 13:30:10,0.0,0.0,"ACC开,3D定位,天线正常","湖南省长沙市宁乡县,距魏家冲 约83米,距望塔仑 约245米",112.525155,28.256382,0.0,0.2223901679740523
811,,2017-06-10 13:31:10,0.0,0.0,"ACC开,3D定位,天线正常","湖南省长沙市宁乡县,距魏家冲 约83米,距望塔仑 约242米",112.525161,28.256413,0.0,3.4967830990301647
812,,2017-06-10 13:32:10,0.0,0.0,"ACC开,3D定位,天线正常","湖南省长沙市宁乡县,距魏家冲 约84米,距望塔仑 约243米",112.525156,28.25641,0.0,0.5925443938377625
813,,2017-06-10 13:33:10,0.0,0.0,"ACC开,3D定位,天线正常","湖南省长沙市宁乡县,距魏家冲 约84米,距望塔仑 约243米",112.525152,28.256414000000003,0.0,0.5927230203622345
814,,2017-06-10 13:34:10,0.0,0.0,"ACC开,3D定位,天线正常","湖南省长沙市宁乡县,距魏家冲 约84米,距望塔仑 约243米",112.525149,28.256415000000004,0.0,0.3141704135867633
815,,2017-06-10 13:35:10,0.0,0.0,"ACC开,3D定位,天线正常","湖南省长沙市宁乡县,距魏家冲 约84米,距望塔仑 约243米",112.525152,28.256413,0.0,0.3685052098152419
816,,2017-06-10 13:36:10,0.0,0.0,"ACC开,3D定位,天线正常","湖南省长沙市宁乡县,距魏家冲 约85米,距望塔仑 约243米",112.525147,28.256415000000004,0.0,0.5378541772203376
817,,2017-06-10 13:37:10,0.0,0.0,"ACC开,3D定位,天线正常","湖南省长沙市宁乡县,距魏家冲 约85米,距望塔仑 约243米",112.525144,28.256419,0.0,0.533074332638596
818,,2017-06-10 13:38:10,0.0,0.0,"ACC开,3D定位,天线正常","湖南省长沙市宁乡县,距魏家冲 约85米,距望塔仑 约243米",112.525145,28.256419,0.0,0.09794482278712946
819,,2017-06-10 13:39:10,0.0,0.0,"ACC开,3D定位,天线正常","湖南省长沙市宁乡县,距魏家冲 约86米,距望塔仑 约244米",112.525136,28.256422,0.0,0.942511190459266
820,,2017-06-10 13:40:10,0.0,0.0,"ACC开,3D定位,天线正常","湖南省长沙市宁乡县,距魏家冲 约86米,距望塔仑 约244米",112.52513,28.256422,0.0,0.5876689176927178
821,,2017-06-10 13:41:10,0.0,0.0,"ACC开,3D定位,天线正常","湖南省长沙市宁乡县,距魏家冲 约86米,距望塔仑 约244米",112.525134,28.256424,0.0,0.4504979324928212
822,,2017-06-10 13:42:10,0.0,0.0,"ACC开,3D定位,天线正常","湖南省长沙市宁乡县,距魏家冲 约86米,距望塔仑 约244米",112.525133,28.25642,0.0,0.4554368600246539
823,,2017-06-10 13:43:10,0.0,0.0,"ACC开,3D定位,天线正常","湖南省长沙市宁乡县,距魏家冲 约86米,距望塔仑 约244米",112.525132,28.256417,0.0,0.3476669503113346
824,,2017-06-10 13:44:10,0.0,0.0,"ACC开,3D定位,天线正常","湖南省长沙市宁乡县,距魏家冲 约86米,距望塔仑 约245米",112.525135,28.256411,0.0,0.7290097259268319
825,,2017-06-10 13:45:10,0.0,0.0,"ACC开,3D定位,天线正常","湖南省长沙市宁乡县,距魏家冲 约86米,距望塔仑 约245米",112.525136,28.256407,0.0,0.4554368632840762
826,,2017-06-10 13:46:10,0.0,0.0,"ACC开,3D定位,天线正常","湖南省长沙市宁乡县,距魏家冲 约85米,距望塔仑 约245米",112.525139,28.2564,0.0,0.8319805913729494
827,,2017-06-10 13:47:10,0.0,0.0,"ACC开,3D定位,天线正常","湖南省长沙市宁乡县,距魏家冲 约85米,距望塔仑 约245米",112.525142,28.256401,0.0,0.3141704472213991
828,,2017-06-10 13:48:10,0.0,0.0,"ACC开,3D定位,天线正常","湖南省长沙市宁乡县,距魏家冲 约85米,距望塔仑 约245米",112.525141,28.256404,0.0,0.3476669538601765
829,,2017-06-10 13:49:10,0.0,0.0,"ACC开,3D定位,天线正常","湖南省长沙市宁乡县,距魏家冲 约87米,距望塔仑 约245米",112.525127,28.256412,0.0,1.63449792489656
830,,2017-06-10 13:50:10,0.0,0.0,"ACC开,3D定位,天线正常","湖南省长沙市宁乡县,距魏家冲 约86米,距望塔仑 约245米",112.525129,28.256411,0.0,0.2252489850382321
831,,2017-06-10 13:51:10,0.0,0.0,"ACC开,3D定位,天线正常","湖南省长沙市宁乡县,距魏家冲 约87米,距望塔仑 约245米",112.525125,28.256411,0.0,0.3917793193031623
832,,2017-06-10 13:52:10,0.0,0.0,"ACC开,3D定位,天线正常","湖南省长沙市宁乡县,距魏家冲 约87米,距望塔仑 约245米",112.525125,28.256416,0.0,0.5559754179899901
833,,2017-06-10 13:53:10,0.0,0.0,"ACC开,3D定位,天线正常","湖南省长沙市宁乡县,距魏家冲 约87米,距望塔仑 约244米",112.525126,28.256423,0.0,0.7845037753059161
834,,2017-06-10 13:54:10,0.0,0.0,"ACC开,3D定位,天线正常","湖南省长沙市宁乡县,距魏家冲 约86米,距望塔仑 约244米",112.525132,28.256428000000003,0.0,0.8089891237049749
835,,2017-06-10 13:55:10,0.0,0.0,"ACC开,3D定位,天线正常","湖南省长沙市宁乡县,距魏家冲 约86米,距望塔仑 约244米",112.525132,28.256429,0.0,0.11119508345653306
836,,2017-06-10 13:56:10,0.0,0.0,"ACC开,3D定位,天线正常","湖南省长沙市宁乡县,距魏家冲 约86米,距望塔仑 约242米",112.525142,28.256439,0.0,1.48180741488378
837,,2017-06-10 13:57:10,0.0,0.0,"ACC开,3D定位,天线正常","湖南省长沙市宁乡县,距魏家冲 约86米,距望塔仑 约242米",112.525141,28.256437,0.0,0.24300323338584695
838,,2017-06-10 13:58:10,0.0,0.0,"ACC开,3D定位,天线正常","湖南省长沙市宁乡县,距魏家冲 约86米,距望塔仑 约241米",112.525143,28.256446,0.0,1.019747427794532
839,,2017-06-10 13:59:10,0.0,0.0,"ACC开,3D定位,天线正常","湖南省长沙市宁乡县,距魏家冲 约86米,距望塔仑 约241米",112.525142,28.256453000000004,0.0,0.7845037728776021
840,,2017-06-10 14:00:10,0.0,0.0,"ACC开,3D定位,天线正常","湖南省长沙市宁乡县,距魏家冲 约86米,距望塔仑 约241米",112.525142,28.256453000000004,0.0,0.0
841,,2017-06-10 14:01:10,0.0,0.0,"ACC开,3D定位,天线正常","湖南省长沙市宁乡县,距魏家冲 约86米,距望塔仑 约241米",112.525144,28.256454,0.0,0.2252489175982536
842,,2017-06-10 14:02:10,0.0,0.0,"ACC开,3D定位,天线正常","湖南省长沙市宁乡县,距魏家冲 约85米,距望塔仑 约241米",112.525148,28.256453000000004,0.0,0.4072533106704454
843,,2017-06-10 14:03:10,0.0,0.0,"ACC开,3D定位,天线正常","湖南省长沙市宁乡县,距魏家冲 约85米,距望塔仑 约240米",112.525152,28.256453000000004,0.0,0.3917791661953722
844,,2017-06-10 14:04:10,0.0,0.0,"ACC开,3D定位,天线正常","湖南省长沙市宁乡县,距魏家冲 约85米,距望塔仑 约240米",112.525154,28.256455,0.0,0.29636145778007045
845,,2017-06-10 14:05:10,0.0,0.0,"ACC开,3D定位,天线正常","湖南省长沙市宁乡县,距魏家冲 约85米,距望塔仑 约240米",112.525154,28.256455,0.0,0.0
846,,2017-06-10 14:06:10,0.0,0.0,"ACC开,3D定位,天线正常","湖南省长沙市宁乡县,距魏家冲 约85米,距望塔仑 约240米",112.525152,28.256457,0.0,0.2963614556162878
847,,2017-06-10 14:07:10,0.0,0.0,"ACC开,3D定位,天线正常","湖南省长沙市宁乡县,距魏家冲 约85米,距望塔仑 约240米",112.525154,28.256456,0.0,0.2252489109592362
848,,2017-06-10 14:08:10,0.0,0.0,"ACC开,3D定位,天线正常","湖南省长沙市宁乡县,距魏家冲 约85米,距望塔仑 约241米",112.525152,28.256441,0.0,1.67938998630755
849,,2017-06-10 14:09:10,0.0,0.0,"ACC开,3D定位,天线正常","湖南省长沙市宁乡县,距魏家冲 约84米,距望塔仑 约241米",112.525157,28.256442,0.0,0.5021891583880553
850,,2017-06-10 14:10:10,0.0,0.0,"ACC开,3D定位,天线正常","湖南省长沙市宁乡县,距魏家冲 约83米,距望塔仑 约241米",112.525164,28.256424,0.0,2.1156829661585563
851,,2017-06-10 14:11:10,0.0,0.0,"ACC开,3D定位,天线正常","湖南省长沙市宁乡县,距魏家冲 约82米,距望塔仑 约241米",112.525177,28.256419,0.0,1.3893730244461329
852,,2017-06-10 14:12:10,0.0,0.0,"ACC开,3D定位,天线正常","湖南省长沙市宁乡县,距魏家冲 约82米,距望塔仑 约241米",112.525177,28.256417,0.0,0.22239016762039024
853,,2017-06-10 14:13:10,0.0,0.0,"ACC开,3D定位,天线正常","湖南省长沙市宁乡县,距魏家冲 约79米,距望塔仑 约240米",112.525203,28.25641,0.0,2.662864793413505
854,,2017-06-10 14:14:10,0.0,0.0,"ACC开,3D定位,天线正常","湖南省长沙市宁乡县,距魏家冲 约80米,距望塔仑 约240米",112.525199,28.256412,0.0,0.4504979708456944
855,,2017-06-10 14:15:10,0.0,0.0,"ACC开,3D定位,天线正常","湖南省长沙市宁乡县,距魏家冲 约80米,距望塔仑 约240米",112.525199,28.256412,0.0,0.0
856,,2017-06-10 14:16:10,0.0,0.0,"ACC开,3D定位,天线正常","湖南省长沙市宁乡县,距魏家冲 约80米,距望塔仑 约241米",112.525197,28.256403,0.0,1.0197474396351416
857,,2017-06-10 14:17:10,0.0,0.0,"ACC开,3D定位,天线正常","湖南省长沙市宁乡县,距魏家冲 约80米,距望塔仑 约241米",112.525194,28.256402,0.0,0.314170442116312
858,,2017-06-10 14:18:10,0.0,0.0,"ACC开,3D定位,天线正常","湖南省长沙市宁乡县,距魏家冲 约80米,距望塔仑 约241米",112.525196,28.256396,0.0,0.6953339092504129
859,,2017-06-10 14:19:10,0.0,0.0,"ACC开,3D定位,天线正常","湖南省长沙市宁乡县,距魏家冲 约79米,距望塔仑 约241米",112.525197,28.256395,0.0,0.1481807646999466
860,,2017-06-10 14:20:10,0.0,0.0,"ACC开,3D定位,天线正常","湖南省长沙市宁乡县,距魏家冲 约79米,距望塔仑 约241米",112.525197,28.256395,0.0,0.0
861,,2017-06-10 14:21:10,0.0,0.0,"ACC开,3D定位,天线正常","湖南省长沙市宁乡县,距魏家冲 约80米,距望塔仑 约241米",112.525191,28.256398,0.0,0.6757470248449327
862,,2017-06-10 14:22:10,0.0,0.0,"ACC开,3D定位,天线正常","湖南省长沙市宁乡县,距魏家冲 约80米,距望塔仑 约241米",112.52519,28.256398,0.0,0.09794484083527223
863,,2017-06-10 14:23:10,0.0,0.0,"ACC开,3D定位,天线正常","湖南省长沙市宁乡县,距魏家冲 约81米,距望塔仑 约242米",112.525183,28.256398,0.0,0.6856138908312084
864,,2017-06-10 14:24:10,0.0,0.0,"ACC开,3D定位,天线正常","湖南省长沙市宁乡县,距魏家冲 约82米,距望塔仑 约243米",112.525169,28.256403,0.0,1.47965341129649
865,,2017-06-10 14:25:10,0.0,0.0,"ACC开,3D定位,天线正常","湖南省长沙市宁乡县,距魏家冲 约82米,距望塔仑 约242米",112.52517,28.256417,0.0,1.5598093254439689
866,,2017-06-10 14:26:10,0.0,0.0,"ACC开,3D定位,天线正常","湖南省长沙市宁乡县,距魏家冲 约83米,距望塔仑 约242米",112.525168,28.256418,0.0,0.2252489745676969
867,,2017-06-10 14:27:10,0.0,0.0,"ACC开,3D定位,天线正常","湖南省长沙市宁乡县,距魏家冲 约83米,距望塔仑 约242米",112.525166,28.256417,0.0,0.2252489743663543
868,,2017-06-10 14:28:10,0.0,0.0,"ACC开,3D定位,天线正常","湖南省长沙市宁乡县,距魏家冲 约83米,距望塔仑 约242米",112.525166,28.256418,0.0,0.11119508381019512
869,,2017-06-10 14:29:10,0.0,0.0,"ACC开,3D定位,天线正常","湖南省长沙市宁乡县,距魏家冲 约83米,距望塔仑 约242米",112.525167,28.256419,0.0,0.1481807508087446
870,,2017-06-10 14:30:10,0.0,0.0,"ACC开,3D定位,天线正常","湖南省长沙市宁乡县,距魏家冲 约83米,距望塔仑 约242米",112.525166,28.256419,0.0,0.09794482154105401
871,,2017-06-10 14:31:10,0.0,0.0,"ACC开,3D定位,天线正常","湖南省长沙市宁乡县,距魏家冲 约83米,距望塔仑 约242米",112.525168,28.256419,0.0,0.1958896443281834
872,,2017-06-10 14:32:10,0.0,0.0,"ACC开,3D定位,天线正常","湖南省长沙市宁乡县,距魏家冲 约83米,距望塔仑 约242米",112.525167,28.256419,0.0,0.09794482278712946
873,,2017-06-10 14:33:10,0.0,0.0,"ACC开,3D定位,天线正常","湖南省长沙市宁乡县,距魏家冲 约83米,距望塔仑 约241米",112.525166,28.256422,0.0,0.3476669488617767
874,,2017-06-10 14:34:10,0.0,0.0,"ACC开,3D定位,天线正常","湖南省长沙市宁乡县,距魏家冲 约83米,距望塔仑 约242米",112.525163,28.256422,0.0,0.2938344600924344
875,,2017-06-10 14:35:10,0.0,0.0,"ACC开,3D定位,天线正常","湖南省长沙市宁乡县,距魏家冲 约84米,距望塔仑 约242米",112.525161,28.256425,0.0,0.3868486385335931
876,,2017-06-10 14:36:10,0.0,0.0,"ACC开,3D定位,天线正常","湖南省长沙市宁乡县,距魏家冲 约83米,距望塔仑 约241米",112.525162,28.256428000000003,0.0,0.3476669483384751
877,,2017-06-10 14:37:10,0.0,0.0,"ACC开,3D定位,天线正常","湖南省长沙市宁乡县,距魏家冲 约84米,距望塔仑 约242米",112.525156,28.25643,0.0,0.6283407497824016
878,,2017-06-10 14:38:10,0.0,0.0,"ACC开,3D定位,天线正常","湖南省长沙市宁乡县,距魏家冲 约84米,距望塔仑 约242米",112.525155,28.256431,0.0,0.14818074463772646
879,,2017-06-10 14:39:10,0.0,0.0,"ACC开,3D定位,天线正常","湖南省长沙市宁乡县,距魏家冲 约84米,距望塔仑 约241米",112.525158,28.256439,0.0,0.9368334189736796
880,,2017-06-10 14:40:10,0.0,0.0,"ACC开,3D定位,天线正常","湖南省长沙市宁乡县,距魏家冲 约83米,距望塔仑 约241米",112.525164,28.256435,0.0,0.7370103152104728
881,,2017-06-10 14:41:10,0.0,0.0,"ACC开,3D定位,天线正常","湖南省长沙市宁乡县,距魏家冲 约83米,距望塔仑 约241米",112.525169,28.256429,0.0,0.8276147207290229
882,,2017-06-10 14:42:10,0.0,0.0,"ACC开,3D定位,天线正常","湖南省长沙市宁乡县,距魏家冲 约83米,距望塔仑 约241米",112.525169,28.256427,0.0,0.22239016691306615
883,,2017-06-10 14:43:10,0.0,0.0,"ACC开,3D定位,天线正常","湖南省长沙市宁乡县,距魏家冲 约82米,距望塔仑 约240米",112.525181,28.256426,0.0,1.180585981703894
884,,2017-06-10 14:44:10,0.0,0.0,"ACC开,3D定位,天线正常","湖南省长沙市宁乡县,距魏家冲 约81米,距望塔仑 约240米",112.525188,28.25642,0.0,0.9566517998800426
885,,2017-06-10 14:45:10,0.0,0.0,"ACC开,3D定位,天线正常","湖南省长沙市宁乡县,距魏家冲 约79米,距望塔仑 约239米",112.525201,28.256415000000004,0.0,1.3893730693722877
886,,2017-06-10 14:46:10,0.0,0.0,"ACC开,3D定位,天线正常","湖南省长沙市宁乡县,距魏家冲 约81米,距望塔仑 约241米",112.525181,28.256416,0.0,1.9620499212503852
887,,2017-06-10 14:47:10,0.0,0.0,"ACC开,3D定位,天线正常","湖南省长沙市宁乡县,距魏家冲 约81米,距望塔仑 约241米",112.525182,28.256415000000004,0.0,0.14818075258157404
888,,2017-06-10 14:48:10,0.0,0.0,"ACC开,3D定位,天线正常","湖南省长沙市宁乡县,距魏家冲 约82米,距望塔仑 约241米",112.525178,28.256415000000004,0.0,0.3917793046028032
889,,2017-06-10 14:49:10,0.0,0.0,"ACC开,3D定位,天线正常","湖南省长沙市宁乡县,距魏家冲 约82米,距望塔仑 约242米",112.525172,28.256413,0.0,0.6283408274475745
890,,2017-06-10 14:50:10,0.0,0.0,"ACC开,3D定位,天线正常","湖南省长沙市宁乡县,距魏家冲 约82米,距望塔仑 约242米",112.525175,28.256403,0.0,1.15011885317626
891,,2017-06-10 14:51:10,0.0,0.0,"ACC开,3D定位,天线正常","湖南省长沙市宁乡县,距魏家冲 约82米,距望塔仑 约242米",112.525175,28.256408,0.0,0.5559754183436522
892,,2017-06-10 14:52:10,0.0,0.0,"ACC开,3D定位,天线正常","湖南省长沙市宁乡县,距魏家冲 约83米,距望塔仑 约243米",112.525164,28.256409,0.0,1.0831160385260912
893,,2017-06-10 14:53:10,0.0,0.0,"ACC开,3D定位,天线正常","湖南省长沙市宁乡县,距魏家冲 约86米,距望塔仑 约245米",112.525136,28.256408,0.0,2.7447086188516496
894,,2017-06-10 14:54:10,0.0,0.0,"ACC开,3D定位,天线正常","湖南省长沙市宁乡县,距魏家冲 约84米,距望塔仑 约243米",112.52515,28.256411,0.0,1.4112208711671692
895,,2017-06-10 14:55:10,0.0,0.0,"ACC开,3D定位,天线正常","湖南省长沙市宁乡县,距魏家冲 约84米,距望塔仑 约243米",112.525156,28.256406,0.0,0.8089891928376811
896,,2017-06-10 14:56:10,0.0,0.0,"ACC开,3D定位,天线正常","湖南省长沙市宁乡县,距魏家冲 约84米,距望塔仑 约243米",112.525157,28.256407,0.0,0.1481807578308615
897,,2017-06-10 14:57:10,0.0,0.0,"ACC开,3D定位,天线正常","湖南省长沙市宁乡县,距魏家冲 约83米,距望塔仑 约248米",112.525158,28.25634,0.0,7.450714413993219
898,,2017-06-10 14:58:10,0.0,0.0,"ACC开,3D定位,天线正常","湖南省长沙市宁乡县,距魏家冲 约82米,距望塔仑 约248米",112.525164,28.256335,0.0,0.8089894744419694
899,,2017-06-10 14:59:10,0.0,0.0,"ACC开,3D定位,天线正常","湖南省长沙市宁乡县,距魏家冲 约82米,距望塔仑 约249米",112.525159,28.256332,0.0,0.5925446899815892
900,,2017-06-10 15:00:10,0.0,0.0,"ACC开,3D定位,天线正常","湖南省长沙市宁乡县,距魏家冲 约81米,距望塔仑 约248米",112.525176,28.256321000000003,0.0,2.0660402112713125
901,,2017-06-10 15:01:10,0.0,0.0,"ACC开,3D定位,天线正常","湖南省长沙市宁乡县,距魏家冲 约80米,距望塔仑 约249米",112.52518,28.256307,0.0,1.6052735769255986
902,,2017-06-10 15:02:10,0.0,0.0,"ACC开,3D定位,天线正常","湖南省长沙市宁乡县,距魏家冲 约82米,距望塔仑 约251米",112.525161,28.2563,0.0,2.0171766018695423
903,,2017-06-10 15:03:10,0.0,0.0,"ACC开,3D定位,天线正常","湖南省长沙市宁乡县,距魏家冲 约82米,距望塔仑 约250米",112.525166,28.25631,0.0,1.2150164128617442
904,,2017-06-10 15:04:10,0.0,0.0,"ACC开,3D定位,天线正常","湖南省长沙市宁乡县,距魏家冲 约81米,距望塔仑 约249米",112.525174,28.25631,0.0,0.7835593797271139
905,,2017-06-10 15:05:10,0.0,0.0,"ACC开,3D定位,天线正常","湖南省长沙市宁乡县,距魏家冲 约85米,距望塔仑 约251米",112.525133,28.256319,0.0,4.138561719320412
906,,2017-06-10 15:06:10,0.0,0.0,"ACC开,3D定位,天线正常","湖南省长沙市宁乡县,距魏家冲 约85米,距望塔仑 约251米",112.52513,28.256325,0.0,0.7290098294771736
907,,2017-06-10 15:07:10,0.0,0.0,"ACC开,3D定位,天线正常","湖南省长沙市宁乡县,距魏家冲 约85米,距望塔仑 约251米",112.52513,28.256326,0.0,0.11119508416385716
908,,2017-06-10 15:08:10,0.0,0.0,"ACC开,3D定位,天线正常","湖南省长沙市宁乡县,距魏家冲 约85米,距望塔仑 约250米",112.525132,28.256344,0.0,2.0110746194585065
909,,2017-06-10 15:09:10,0.0,0.0,"ACC开,3D定位,天线正常","湖南省长沙市宁乡县,距魏家冲 约84米,距望塔仑 约249米",112.525147,28.256341,0.0,1.5065688067135274
910,,2017-06-10 15:10:10,0.0,0.0,"ACC开,3D定位,天线正常","湖南省长沙市宁乡县,距魏家冲 约84米,距望塔仑 约249米",112.525147,28.25633400000001,0.0,0.7783655849030573
911,,2017-06-10 15:11:10,0.0,0.0,"ACC开,3D定位,天线正常","湖南省长沙市宁乡县,距魏家冲 约83米,距望塔仑 约249米",112.525149,28.256336,0.0,0.2963616023429925
912,,2017-06-10 15:12:10,0.0,0.0,"ACC开,3D定位,天线正常","湖南省长沙市宁乡县,距魏家冲 约85米,距望塔仑 约250米",112.525133,28.256339,0.0,1.6022294027822548
913,,2017-06-10 15:13:10,0.0,0.0,"ACC开,3D定位,天线正常","湖南省长沙市宁乡县,距魏家冲 约84米,距望塔仑 约250米",112.525139,28.256329,0.0,1.2576923276173368
914,,2017-06-10 15:14:10,0.0,0.0,"ACC开,3D定位,天线正常","湖南省长沙市宁乡县,距魏家冲 约84米,距望塔仑 约249米",112.525143,28.256347,0.0,2.0394949277767034
915,,2017-06-10 15:15:10,0.0,0.0,"ACC开,3D定位,天线正常","湖南省长沙市宁乡县,距魏家冲 约88米,距望塔仑 约250米",112.525105,28.256365,0.0,4.225947052216677
916,,2017-06-10 15:16:10,0.0,0.0,"ACC开,3D定位,天线正常","湖南省长沙市宁乡县,距魏家冲 约88米,距望塔仑 约249米",112.525107,28.256372,0.0,0.8026367633010798
917,,2017-06-10 15:17:10,0.0,0.0,"ACC开,3D定位,天线正常","湖南省长沙市宁乡县,距魏家冲 约85米,距望塔仑 约245米",112.525144,28.256402,0.0,4.925545102091468
918,,2017-06-10 15:18:10,0.0,0.0,"ACC开,3D定位,天线正常","湖南省长沙市宁乡县,距魏家冲 约85米,距望塔仑 约244米",112.525141,28.256409,0.0,0.8319805899537045
919,,2017-06-10 15:19:10,0.0,0.0,"ACC开,3D定位,天线正常","湖南省长沙市宁乡县,距魏家冲 约83米,距望塔仑 约245米",112.525154,28.256379,0.0,3.5705968064778
920,,2017-06-10 15:20:10,0.0,0.0,"ACC开,3D定位,天线正常","湖南省长沙市宁乡县,距魏家冲 约78米,距望塔仑 约243米",112.525203,28.256369,0.0,4.926428633037265
921,,2017-06-10 15:21:10,0.0,0.0,"ACC开,3D定位,天线正常","湖南省长沙市宁乡县,距魏家冲 约88米,距望塔仑 约247米",112.525106,28.256402,0.0,10.184652096765614
922,,2017-06-10 15:22:10,0.0,0.0,"ACC开,3D定位,天线正常","湖南省长沙市宁乡县,距魏家冲 约85米,距望塔仑 约249米",112.525134,28.256357,0.0,5.706037776112933
923,,2017-06-10 15:23:10,0.0,0.0,"ACC开,3D定位,天线正常","湖南省长沙市宁乡县,距魏家冲 约85米,距望塔仑 约249米",112.52513799999998,28.25635,0.0,0.8714035712027894
924,,2017-06-10 15:24:10,0.0,0.0,"ACC开,3D定位,天线正常","湖南省长沙市宁乡县,距魏家冲 约84米,距望塔仑 约248米",112.525144,28.256352000000003,0.0,0.6283411533508428
925,,2017-06-10 15:25:10,0.0,0.0,"ACC开,3D定位,天线正常","湖南省长沙市宁乡县,距魏家冲 约84米,距望塔仑 约248米",112.525144,28.256355,0.0,0.3335852507232613
926,,2017-06-10 15:26:10,0.0,0.0,"ACC开,3D定位,天线正常","湖南省长沙市宁乡县,距魏家冲 约84米,距望塔仑 约248米",112.525145,28.25636,0.0,0.564536859061065
927,,2017-06-10 15:27:10,0.0,0.0,"ACC开,3D定位,天线正常","湖南省长沙市宁乡县,距魏家冲 约84米,距望塔仑 约247米",112.525146,28.256372,0.0,1.3379309083080886
928,,2017-06-10 15:28:10,0.0,0.0,"ACC开,3D定位,天线正常","湖南省长沙市宁乡县,距魏家冲 约83米,距望塔仑 约246米",112.525153,28.256372,0.0,0.685614060539792
929,,2017-06-10 15:29:10,0.0,0.0,"ACC开,3D定位,天线正常","湖南省长沙市宁乡县,距魏家冲 约86米,距望塔仑 约248米",112.52513,28.256367,0.0,2.3203253989060038
930,,2017-06-10 15:30:10,0.0,0.0,"ACC开,3D定位,天线正常","湖南省长沙市宁乡县,距魏家冲 约85米,距望塔仑 约247米",112.525136,28.25638,0.0,1.5604261137189708
931,,2017-06-10 15:31:10,0.0,0.0,"ACC开,3D定位,天线正常","湖南省长沙市宁乡县,距魏家冲 约85米,距望塔仑 约246米",112.525136,28.256386,0.0,0.6671705018001858
932,,2017-06-10 15:32:10,0.0,0.0,"ACC开,3D定位,天线正常","湖南省长沙市宁乡县,距魏家冲 约85米,距望塔仑 约246米",112.525136,28.256387,0.0,0.1111950838101951
933,,2017-06-10 15:33:10,0.0,0.0,"ACC开,3D定位,天线正常","湖南省长沙市宁乡县,距魏家冲 约86米,距望塔仑 约247米",112.525131,28.256379,0.0,1.0154546036817766
934,,2017-06-10 15:34:10,0.0,0.0,"ACC开,3D定位,天线正常","湖南省长沙市宁乡县,距魏家冲 约84米,距望塔仑 约245米",112.525147,28.256394,0.0,2.2886318360763647
935,,2017-06-10 15:35:10,0.0,0.0,"ACC开,3D定位,天线正常","湖南省长沙市宁乡县,距魏家冲 约85米,距望塔仑 约246米",112.525136,28.256396,0.0,1.100106216276078
936,,2017-06-10 15:36:10,0.0,0.0,"ACC开,3D定位,天线正常","湖南省长沙市宁乡县,距魏家冲 约85米,距望塔仑 约246米",112.52513700000002,28.256395,0.0,0.1481807663472143
937,,2017-06-10 15:37:10,0.0,0.0,"ACC开,3D定位,天线正常","湖南省长沙市宁乡县,距魏家冲 约84米,距望塔仑 约245米",112.525151,28.256395,0.0,1.3712278202508377
938,,2017-06-10 15:38:10,0.0,0.0,"ACC开,3D定位,天线正常","湖南省长沙市宁乡县,距魏家冲 约84米,距望塔仑 约244米",112.525151,28.256399,0.0,0.4447803345334567
939,,2017-06-10 15:39:10,0.0,0.0,"ACC开,3D定位,天线正常","湖南省长沙市宁乡县,距魏家冲 约85米,距望塔仑 约245米",112.525145,28.256397,0.0,0.6283409098153041
940,,2017-06-10 15:40:10,0.0,0.0,"ACC开,3D定位,天线正常","湖南省长沙市宁乡县,距魏家冲 约84米,距望塔仑 约244米",112.525151,28.256404,0.0,0.9752988678567504
941,,2017-06-10 15:41:10,0.0,0.0,"ACC开,3D定位,天线正常","湖南省长沙市宁乡县,距魏家冲 约83米,距望塔仑 约244米",112.525165,28.256394,0.0,1.7654178715364686
942,,2017-06-10 15:42:10,0.0,0.0,"ACC开,3D定位,天线正常","湖南省长沙市宁乡县,距魏家冲 约83米,距望塔仑 约244米",112.525156,28.256394,0.0,0.881503605577542
943,,2017-06-10 15:43:10,0.0,0.0,"ACC开,3D定位,天线正常","湖南省长沙市宁乡县,距魏家冲 约81米,距望塔仑 约242米",112.525183,28.256395,0.0,2.6468475174115382
944,,2017-06-10 15:44:10,0.0,0.0,"ACC开,3D定位,天线正常","湖南省长沙市宁乡县,距魏家冲 约81米,距望塔仑 约242米",112.525182,28.2564,0.0,0.5645368530332391
945,,2017-06-10 15:45:10,0.0,0.0,"ACC开,3D定位,天线正常","湖南省长沙市宁乡县,距魏家冲 约81米,距望塔仑 约243米",112.525176,28.256394,0.0,0.8890845843500917
946,,2017-06-10 15:46:10,0.0,0.0,"ACC开,3D定位,天线正常","湖南省长沙市宁乡县,距魏家冲 约82米,距望塔仑 约244米",112.525168,28.256391,0.0,0.8516122786498563
947,,2017-06-10 15:47:10,0.0,0.0,"ACC开,3D定位,天线正常","湖南省长沙市宁乡县,距魏家冲 约82米,距望塔仑 约243米",112.525175,28.256398,0.0,1.037265359430425
948,,2017-06-10 15:48:10,0.0,0.0,"ACC开,3D定位,天线正常","湖南省长沙市宁乡县,距魏家冲 约83米,距望塔仑 约243米",112.525166,28.2564,0.0,0.9091237126538294
949,,2017-06-10 15:49:10,0.0,0.0,"ACC开,3D定位,天线正常","湖南省长沙市宁乡县,距魏家冲 约79米,距望塔仑 约238米",112.52521000000002,28.256427,0.0,5.252239812646841
950,,2017-06-10 15:50:10,0.0,0.0,"ACC开,3D定位,天线正常","湖南省长沙市宁乡县,距魏家冲 约80米,距望塔仑 约237米",112.525207,28.256444,0.0,1.913017210627096
951,,2017-06-10 15:51:10,0.0,0.0,"ACC开,3D定位,天线正常","湖南省长沙市宁乡县,距魏家冲 约82米,距望塔仑 约239米",112.525179,28.25644,0.0,2.778288300664407
952,,2017-06-10 15:52:10,0.0,0.0,"ACC开,3D定位,天线正常","湖南省长沙市宁乡县,距魏家冲 约82米,距望塔仑 约239米",112.525178,28.256444,0.0,0.4554368564404425
953,,2017-06-10 15:53:10,0.0,0.0,"ACC开,3D定位,天线正常","湖南省长沙市宁乡县,距魏家冲 约83米,距望塔仑 约238米",112.525179,28.256456,0.0,1.3379309027494848
954,,2017-06-10 15:54:10,0.0,0.0,"ACC开,3D定位,天线正常","湖南省长沙市宁乡县,距魏家冲 约82米,距望塔仑 约236米",112.52518899999998,28.256471,0.0,1.9342430077538328
955,,2017-06-10 15:55:10,0.0,0.0,"ACC开,3D定位,天线正常","湖南省长沙市宁乡县,距魏家冲 约82米,距望塔仑 约234米",112.525193,28.256493,0.0,2.4774653591702345
956,,2017-06-10 15:56:10,0.0,0.0,"ACC开,3D定位,天线正常","湖南省长沙市宁乡县,距魏家冲 约82米,距望塔仑 约236米",112.52519,28.256468,0.0,2.795363168902294
957,,2017-06-10 15:57:10,0.0,0.0,"ACC开,3D定位,天线正常","湖南省长沙市宁乡县,距魏家冲 约79米,距望塔仑 约238米",112.525205,28.256427,0.0,4.789878172664373
958,,2017-06-10 15:58:10,0.0,0.0,"ACC开,3D定位,天线正常","湖南省长沙市宁乡县,距魏家冲 约78米,距望塔仑 约237米",112.525219,28.256425,0.0,1.3891443522956712
959,,2017-06-10 15:59:10,0.0,0.0,"ACC开,3D定位,天线正常","湖南省长沙市宁乡县,距魏家冲 约78米,距望塔仑 约236米",112.52522,28.25644500000001,0.0,2.2260574672929065
960,,2017-06-10 16:00:10,0.0,0.0,"ACC开,3D定位,天线正常","湖南省长沙市宁乡县,距魏家冲 约78米,距望塔仑 约236米",112.525219,28.25644,0.0,0.5645368462400809
961,,2017-06-10 16:01:10,0.0,0.0,"ACC开,3D定位,天线正常","湖南省长沙市宁乡县,距魏家冲 约78米,距望塔仑 约236米",112.52522,28.256439,0.0,0.14818073771370036
962,,2017-06-10 16:02:10,0.0,0.0,"ACC开,3D定位,天线正常","湖南省长沙市宁乡县,距魏家冲 约79米,距望塔仑 约238米",112.52521000000002,28.256428000000003,0.0,1.5669730378160849
963,,2017-06-10 16:03:10,0.0,0.0,"ACC开,3D定位,天线正常","湖南省长沙市宁乡县,距魏家冲 约79米,距望塔仑 约236米",112.525215,28.256442,0.0,1.631944109194972
964,,2017-06-10 16:04:10,0.0,0.0,"ACC开,3D定位,天线正常","湖南省长沙市宁乡县,距魏家冲 约78米,距望塔仑 约238米",112.525217,28.256412,0.0,3.3415991268326635
965,,2017-06-10 16:05:10,0.0,0.0,"ACC开,3D定位,天线正常","湖南省长沙市宁乡县,距魏家冲 约78米,距望塔仑 约239米",112.525216,28.256409,0.0,0.3476669530724116
966,,2017-06-10 16:06:10,0.0,0.0,"ACC开,3D定位,天线正常","湖南省长沙市宁乡县,距魏家冲 约78米,距望塔仑 约238米",112.525215,28.256416,0.0,0.7845037761088735
967,,2017-06-10 16:07:10,0.0,0.0,"ACC开,3D定位,天线正常","湖南省长沙市宁乡县,距魏家冲 约79米,距望塔仑 约238米",112.525212,28.256421000000003,0.0,0.6288460549676906
968,,2017-06-10 16:08:10,0.0,0.0,"ACC开,3D定位,天线正常","湖南省长沙市宁乡县,距魏家冲 约79米,距望塔仑 约238米",112.525209,28.25642,0.0,0.3141703970046381
969,,2017-06-10 16:09:10,0.0,0.0,"ACC开,3D定位,天线正常","湖南省长沙市宁乡县,距魏家冲 约79米,距望塔仑 约239米",112.525208,28.256413,0.0,0.7845037753535499
970,,2017-06-10 16:10:10,0.0,0.0,"ACC开,3D定位,天线正常","湖南省长沙市宁乡县,距魏家冲 约80米,距望塔仑 约243米",112.525193,28.25638,0.0,3.9526246681669455
971,,2017-06-10 16:11:10,0.0,0.0,"ACC开,3D定位,天线正常","湖南省长沙市宁乡县,距魏家冲 约80米,距望塔仑 约243米",112.52519,28.25638,0.0,0.29383457336556523
972,,2017-06-10 16:12:10,0.0,0.0,"ACC开,3D定位,天线正常","湖南省长沙市宁乡县,距魏家冲 约80米,距望塔仑 约242米",112.525195,28.256388,0.0,1.0154546018404833
973,,2017-06-10 16:13:10,0.0,0.0,"ACC开,3D定位,天线正常","湖南省长沙市宁乡县,距魏家冲 约77米,距望塔仑 约241米",112.525217,28.25638,0.0,2.3311851802007983
974,,2017-06-10 16:14:10,0.0,0.0,"ACC开,3D定位,天线正常","湖南省长沙市宁乡县,距魏家冲 约76米,距望塔仑 约239米",112.525231,28.256390000000003,0.0,1.7654180129336383
975,,2017-06-10 16:15:10,0.0,0.0,"ACC开,3D定位,天线正常","湖南省长沙市宁乡县,距魏家冲 约75米,距望塔仑 约239米",112.525243,28.256372,0.0,2.321092070995168
976,,2017-06-10 16:16:10,0.0,0.0,"ACC开,3D定位,天线正常","湖南省长沙市宁乡县,距魏家冲 约75米,距望塔仑 约239米",112.525243,28.256375,0.0,0.3335852507232613
977,,2017-06-10 16:17:10,0.0,0.0,"ACC开,3D定位,天线正常","湖南省长沙市宁乡县,距魏家冲 约77米,距望塔仑 约238米",112.525229,28.256409,0.0,4.021622877134528
978,,2017-06-10 16:18:10,0.0,0.0,"ACC开,3D定位,天线正常","湖南省长沙市宁乡县,距魏家冲 约77米,距望塔仑 约237米",112.52523,28.256424,0.0,1.6707995637083872
979,,2017-06-10 16:19:10,0.0,0.0,"ACC开,3D定位,天线正常","湖南省长沙市宁乡县,距魏家冲 约77米,距望塔仑 约237米",112.52523,28.256424,0.0,0.0
980,,2017-06-10 16:20:10,0.0,0.0,"ACC开,3D定位,天线正常","湖南省长沙市宁乡县,距魏家冲 约76米,距望塔仑 约236米",112.525236,28.256425,0.0,0.5980962191007206
981,,2017-06-10 16:21:10,0.0,0.0,"ACC开,3D定位,天线正常","湖南省长沙市宁乡县,距魏家冲 约75米,距望塔仑 约235米",112.525246,28.256425,0.0,0.9794481690067052
982,,2017-06-10 16:22:10,0.0,0.0,"ACC开,3D定位,天线正常","湖南省长沙市宁乡县,距魏家冲 约74米,距望塔仑 约236米",112.525253,28.256414000000003,0.0,1.4021954793027778
983,,2017-06-10 16:23:10,0.0,0.0,"ACC开,3D定位,天线正常","湖南省长沙市宁乡县,距魏家冲 约74米,距望塔仑 约236米",112.525254,28.256409,0.0,0.5645368507011752
984,,2017-06-10 16:24:10,0.0,0.0,"ACC开,3D定位,天线正常","湖南省长沙市宁乡县,距魏家冲 约74米,距望塔仑 约236米",112.525259,28.256404,0.0,0.7409037912736521
985,,2017-06-10 16:25:10,0.0,0.0,"ACC开,3D定位,天线正常","湖南省长沙市宁乡县,距魏家冲 约75米,距望塔仑 约239米",112.525244,28.256371,0.0,3.9526247130152674
986,,2017-06-10 16:26:10,0.0,0.0,"ACC开,3D定位,天线正常","湖南省长沙市宁乡县,距魏家冲 约78米,距望塔仑 约248米",112.525202,28.25630300000001,0.0,8.607853910483938
987,,2017-06-10 16:27:10,0.0,0.0,"ACC开,3D定位,天线正常","湖南省长沙市宁乡县,距魏家冲 约79米,距望塔仑 约248米",112.525193,28.25630300000001,0.0,0.8815043630348991
988,,2017-06-10 16:28:10,0.0,0.0,"ACC开,3D定位,天线正常","湖南省长沙市宁乡县,距魏家冲 约81米,距望塔仑 约249米",112.525173,28.256308,0.0,2.036269168362318
989,,2017-06-10 16:29:10,0.0,0.0,"ACC开,3D定位,天线正常","湖南省长沙市宁乡县,距魏家冲 约81米,距望塔仑 约248米",112.525175,28.256319,0.0,1.2387327287948628
990,,2017-06-10 16:30:10,0.0,0.0,"ACC开,3D定位,天线正常","湖南省长沙市宁乡县,距魏家冲 约81米,距望塔仑 约246米",112.525176,28.256345,0.0,2.892730809556733
991,,2017-06-10 16:31:10,0.0,0.0,"ACC开,3D定位,天线正常","湖南省长沙市宁乡县,距魏家冲 约83米,距望塔仑 约246米",112.525161,28.256368,0.0,2.9494421939933937
992,,2017-06-10 16:32:10,0.0,0.0,"ACC开,3D定位,天线正常","湖南省长沙市宁乡县,距魏家冲 约84米,距望塔仑 约246米",112.525148,28.256371,0.0,1.3162558416466257
993,,2017-06-10 16:33:10,0.0,0.0,"ACC开,3D定位,天线正常","湖南省长沙市宁乡县,距魏家冲 约84米,距望塔仑 约247米",112.52515,28.256358,0.0,1.4587485645149074
994,,2017-06-10 16:34:10,0.0,0.0,"ACC开,3D定位,天线正常","湖南省长沙市宁乡县,距魏家冲 约84米,距望塔仑 约248米",112.525149,28.256356,0.0,0.2430032627344473
995,,2017-06-10 16:35:10,0.0,0.0,"ACC开,3D定位,天线正常","湖南省长沙市宁乡县,距魏家冲 约83米,距望塔仑 约247米",112.525155,28.25636,0.0,0.7370106631105132
996,,2017-06-10 16:36:10,0.0,0.0,"ACC开,3D定位,天线正常","湖南省长沙市宁乡县,距魏家冲 约82米,距望塔仑 约246米",112.525165,28.256363,0.0,1.0346975288747862
997,,2017-06-10 16:37:10,0.0,0.0,"ACC开,3D定位,天线正常","湖南省长沙市宁乡县,距魏家冲 约80米,距望塔仑 约245米",112.525182,28.256363,0.0,1.6650628570676356
998,,2017-06-10 16:38:10,0.0,0.0,"ACC开,3D定位,天线正常","湖南省长沙市宁乡县,距魏家冲 约81米,距望塔仑 约245米",112.525179,28.256362,0.0,0.3141705463977809
999,,2017-06-10 16:39:10,0.0,0.0,"ACC开,3D定位,天线正常","湖南省长沙市宁乡县,距魏家冲 约82米,距望塔仑 约248米",112.525166,28.25633,0.0,3.779198591587515
1000,,2017-06-10 16:40:10,0.0,0.0,"ACC开,3D定位,天线正常","湖南省长沙市宁乡县,距魏家冲 约82米,距望塔仑 约248米",112.525164,28.256336,0.0,0.6953339444985561
1001,,2017-06-10 16:41:10,0.0,0.0,"ACC开,3D定位,天线正常","湖南省长沙市宁乡县,距魏家冲 约82米,距望塔仑 约250米",112.525159,28.256316,0.0,2.2771843975368764
1002,,2017-06-10 16:42:10,0.0,0.0,"ACC开,3D定位,天线正常","湖南省长沙市宁乡县,距魏家冲 约81米,距望塔仑 约247米",112.525175,28.256343,0.0,3.3866604515885634
1003,,2017-06-10 16:43:10,0.0,0.0,"ACC开,3D定位,天线正常","湖南省长沙市宁乡县,距魏家冲 约81米,距望塔仑 约247米",112.525178,28.256337,0.0,0.7290098084615103
1004,,2017-06-10 16:44:10,0.0,0.0,"ACC开,3D定位,天线正常","湖南省长沙市宁乡县,距魏家冲 约81米,距望塔仑 约244米",112.525179,28.256374,0.0,4.115383792112114
1005,,2017-06-10 16:45:10,0.0,0.0,"ACC开,3D定位,天线正常","湖南省长沙市宁乡县,距魏家冲 约81米,距望塔仑 约243米",112.525182,28.25638,0.0,0.7290097678721973
1006,,2017-06-10 16:46:10,0.0,0.0,"ACC开,3D定位,天线正常","湖南省长沙市宁乡县,距魏家冲 约82米,距望塔仑 约243米",112.525174,28.256387,0.0,1.1044534586995294
1007,,2017-06-10 16:47:10,0.0,0.0,"ACC开,3D定位,天线正常","湖南省长沙市宁乡县,距魏家冲 约82米,距望塔仑 约243米",112.525171,28.256394,0.0,0.8319806045556206
1008,,2017-06-10 16:48:10,0.0,0.0,"ACC开,3D定位,天线正常","湖南省长沙市宁乡县,距魏家冲 约83米,距望塔仑 约243米",112.525163,28.256397,0.0,0.8516122581469655
1009,,2017-06-10 16:49:10,0.0,0.0,"ACC开,3D定位,天线正常","湖南省长沙市宁乡县,距魏家冲 约84米,距望塔仑 约246米",112.525144,28.256386,0.0,2.2269325725680265
1010,,2017-06-10 16:50:10,0.0,0.0,"ACC开,3D定位,天线正常","湖南省长沙市宁乡县,距魏家冲 约86米,距望塔仑 约246米",112.525133,28.256389,0.0,1.1278544137947926
1011,,2017-06-10 16:51:10,0.0,0.0,"ACC开,3D定位,天线正常","湖南省长沙市宁乡县,距魏家冲 约85米,距望塔仑 约246米",112.525134,28.256387,0.0,0.2430032519018569
1012,,2017-06-10 16:52:10,0.0,0.0,"ACC开,3D定位,天线正常","湖南省长沙市宁乡县,距魏家冲 约85米,距望塔仑 约246米",112.525139,28.256391,0.0,0.6615583016562401
1013,,2017-06-10 16:53:10,0.0,0.0,"ACC开,3D定位,天线正常","湖南省长沙市宁乡县,距魏家冲 约85米,距望塔仑 约246米",112.525139,28.256391,0.0,0.0
1014,,2017-06-10 16:54:10,0.0,0.0,"ACC开,3D定位,天线正常","湖南省长沙市宁乡县,距魏家冲 约86米,距望塔仑 约247米",112.525127,28.256391,0.0,1.1753381771687106
1015,,2017-06-10 16:55:10,0.0,0.0,"ACC开,3D定位,天线正常","湖南省长沙市宁乡县,距魏家冲 约87米,距望塔仑 约248米",112.525116,28.256383000000003,0.0,1.3971738109837482
1016,,2017-06-10 16:56:10,0.0,0.0,"ACC开,3D定位,天线正常","湖南省长沙市宁乡县,距魏家冲 约89米,距望塔仑 约250米",112.525091,28.256377,0.0,2.53788563933444
1017,,2017-06-10 16:57:10,0.0,0.0,"ACC开,3D定位,天线正常","湖南省长沙市宁乡县,距魏家冲 约91米,距望塔仑 约252米",112.525078,28.256373,0.0,1.3487326236102746
1018,,2017-06-10 16:58:10,0.0,0.0,"ACC开,3D定位,天线正常","湖南省长沙市宁乡县,距魏家冲 约89米,距望塔仑 约250米",112.525094,28.256381,0.0,1.8019923154756443
1019,,2017-06-10 16:59:10,0.0,0.0,"ACC开,3D定位,天线正常","湖南省长沙市宁乡县,距魏家冲 约87米,距望塔仑 约249米",112.52512,28.256364,0.0,3.1714818438569234
1020,,2017-06-10 17:00:10,0.0,0.0,"ACC开,3D定位,天线正常","湖南省长沙市宁乡县,距魏家冲 约87米,距望塔仑 约250米",112.525115,28.256355,0.0,1.1141553093676415
1021,,2017-06-10 17:01:10,0.0,0.0,"ACC开,3D定位,天线正常","湖南省长沙市宁乡县,距魏家冲 约88米,距望塔仑 约252米",112.525101,28.256343,0.0,1.913304281652768
1022,,2017-06-10 17:02:10,0.0,0.0,"ACC开,3D定位,天线正常","湖南省长沙市宁乡县,距魏家冲 约88米,距望塔仑 约252米",112.525105,28.256345,0.0,0.4504981860659757
1023,,2017-06-10 17:03:10,0.0,0.0,"ACC开,3D定位,天线正常","湖南省长沙市宁乡县,距魏家冲 约85米,距望塔仑 约250米",112.52513,28.256344,0.0,2.4511457252242925
1024,,2017-06-10 17:04:10,0.0,0.0,"ACC开,3D定位,天线正常","湖南省长沙市宁乡县,距魏家冲 约86米,距望塔仑 约251米",112.525122,28.256338,0.0,1.0291168180887167
1025,,2017-06-10 17:05:10,0.0,0.0,"ACC开,3D定位,天线正常","湖南省长沙市宁乡县,距魏家冲 约86米,距望塔仑 约251米",112.525121,28.256341,0.0,0.3476669698275416
1026,,2017-06-10 17:06:10,0.0,0.0,"ACC开,3D定位,天线正常","湖南省长沙市宁乡县,距魏家冲 约86米,距望塔仑 约250米",112.525123,28.256347,0.0,0.6953339391317862
1027,,2017-06-10 17:07:10,0.0,0.0,"ACC开,3D定位,天线正常","湖南省长沙市宁乡县,距魏家冲 约86米,距望塔仑 约247米",112.525127,28.256381,0.0,3.8008783054547215
1028,,2017-06-10 17:08:10,0.0,0.0,"ACC开,3D定位,天线正常","湖南省长沙市宁乡县,距魏家冲 约86米,距望塔仑 约249米",112.525126,28.256362,0.0,2.1149757294614173
1029,,2017-06-10 17:09:10,0.0,0.0,"ACC开,3D定位,天线正常","湖南省长沙市宁乡县,距魏家冲 约88米,距望塔仑 约248米",112.525105,28.256396,0.0,4.303926568234303
1030,,2017-06-10 17:10:10,0.0,0.0,"ACC开,3D定位,天线正常","湖南省长沙市宁乡县,距魏家冲 约88米,距望塔仑 约249米",112.525104,28.256387,0.0,1.0055373056979628
1031,,2017-06-10 17:11:10,0.0,0.0,"ACC开,3D定位,天线正常","湖南省长沙市宁乡县,距魏家冲 约88米,距望塔仑 约248米",112.525112,28.256393,0.0,1.0291165444300534
1032,,2017-06-10 17:12:10,0.0,0.0,"ACC开,3D定位,天线正常","湖南省长沙市宁乡县,距魏家冲 约88米,距望塔仑 约248米",112.525106,28.256394,0.0,0.5980963869472646
1033,,2017-06-10 17:13:10,0.0,0.0,"ACC开,3D定位,天线正常","湖南省长沙市宁乡县,距魏家冲 约88米,距望塔仑 约246米",112.525114,28.256415000000004,0.0,2.463055233545356
1034,,2017-06-10 17:14:10,0.0,0.0,"ACC开,3D定位,天线正常","湖南省长沙市宁乡县,距魏家冲 约88米,距望塔仑 约246米",112.525109,28.256414000000003,0.0,0.5021892768187863
1035,,2017-06-10 17:15:10,0.0,0.0,"ACC开,3D定位,天线正常","湖南省长沙市宁乡县,距魏家冲 约88米,距望塔仑 约247米",112.525108,28.256411,0.0,0.34766695187606284
1036,,2017-06-10 17:16:10,0.0,0.0,"ACC开,3D定位,天线正常","湖南省长沙市宁乡县,距魏家冲 约90米,距望塔仑 约247米",112.525097,28.256416,0.0,1.2123879589103077
1037,,2017-06-10 17:17:10,0.0,0.0,"ACC开,3D定位,天线正常","湖南省长沙市宁乡县,距魏家冲 约91米,距望塔仑 约249米",112.525084,28.256408,0.0,1.5532440911056662
1038,,2017-06-10 17:18:10,0.0,0.0,"ACC开,3D定位,天线正常","湖南省长沙市宁乡县,距魏家冲 约94米,距望塔仑 约251米",112.525046,28.256417,0.0,3.8540988034154235
1039,,2017-06-10 17:19:10,0.0,0.0,"ACC开,3D定位,天线正常","湖南省长沙市宁乡县,距魏家冲 约96米,距望塔仑 约254米",112.52503,28.256393,0.0,3.0947892494087528
1040,,2017-06-10 17:20:10,0.0,0.0,"ACC开,3D定位,天线正常","湖南省长沙市宁乡县,距魏家冲 约96米,距望塔仑 约255米",112.525023,28.256389,0.0,0.8172490532272366
1041,,2017-06-10 17:21:10,0.0,0.0,"ACC开,3D定位,天线正常","湖南省长沙市宁乡县,距魏家冲 约89米,距望塔仑 约251米",112.525095,28.256361,0.0,7.708746759766649
1042,,2017-06-10 17:22:10,0.0,0.0,"ACC开,3D定位,天线正常","湖南省长沙市宁乡县,距魏家冲 约91米,距望塔仑 约250米",112.525081,28.256394,0.0,3.9172745438994543
1043,,2017-06-10 17:23:10,0.0,0.0,"ACC开,3D定位,天线正常","湖南省长沙市宁乡县,距魏家冲 约92米,距望塔仑 约251米",112.525067,28.256397,0.0,1.4112210471031157
1044,,2017-06-10 17:24:10,0.0,0.0,"ACC开,3D定位,天线正常","湖南省长沙市宁乡县,距魏家冲 约92米,距望塔仑 约250米",112.525071,28.256401,0.0,0.5927230519414183
1045,,2017-06-10 17:25:10,0.0,0.0,"ACC开,3D定位,天线正常","湖南省长沙市宁乡县,距魏家冲 约92米,距望塔仑 约250米",112.525072,28.256406,0.0,0.5645368517285213
1046,,2017-06-10 17:26:10,0.0,0.0,"ACC开,3D定位,天线正常","湖南省长沙市宁乡县,距魏家冲 约92米,距望塔仑 约250米",112.525071,28.256403,0.0,0.347666953256375
1047,,2017-06-10 17:27:10,0.0,0.0,"ACC开,3D定位,天线正常","湖南省长沙市宁乡县,距魏家冲 约91米,距望塔仑 约250米",112.525075,28.256403,0.0,0.3917793487038745
1048,,2017-06-10 17:28:10,0.0,0.0,"ACC开,3D定位,天线正常","湖南省长沙市宁乡县,距魏家冲 约90米,距望塔仑 约250米",112.52508799999998,28.256389,0.0,2.0111343688296004
1049,,2017-06-10 17:29:10,0.0,0.0,"ACC开,3D定位,天线正常","湖南省长沙市宁乡县,距魏家冲 约90米,距望塔仑 约250米",112.525085,28.256392,0.0,0.4445423028996077
1050,,2017-06-10 17:30:10,0.0,0.0,"ACC开,3D定位,天线正常","湖南省长沙市宁乡县,距魏家冲 约91米,距望塔仑 约250米",112.525078,28.256396,0.0,0.8172490376426971
1051,,2017-06-10 17:31:10,0.0,0.0,"ACC开,3D定位,天线正常","湖南省长沙市宁乡县,距魏家冲 约91米,距望塔仑 约250米",112.52508,28.256395,0.0,0.2252490096977314
1052,,2017-06-10 17:32:10,0.0,0.0,"ACC开,3D定位,天线正常","湖南省长沙市宁乡县,距魏家冲 约90米,距望塔仑 约249米",112.52508600000002,28.256404,0.0,1.1605459843658068
1053,,2017-06-10 17:33:10,0.0,0.0,"ACC开,3D定位,天线正常","湖南省长沙市宁乡县,距魏家冲 约91米,距望塔仑 约249米",112.525082,28.256405,0.0,0.4072534841598937
1054,,2017-06-10 17:34:10,0.0,0.0,"ACC开,3D定位,天线正常","湖南省长沙市宁乡县,距魏家冲 约90米,距望塔仑 约248米",112.52508799999998,28.256411,0.0,0.8890845429875905
1055,,2017-06-10 17:35:10,0.0,0.0,"ACC开,3D定位,天线正常","湖南省长沙市宁乡县,距魏家冲 约90米,距望塔仑 约248米",112.525094,28.256409,0.0,0.6283408491110496
1056,,2017-06-10 17:36:10,0.0,0.0,"ACC开,3D定位,天线正常","湖南省长沙市宁乡县,距魏家冲 约88米,距望塔仑 约248米",112.525105,28.2564,0.0,1.4704720922300034
1057,,2017-06-10 17:37:10,0.0,0.0,"ACC开,3D定位,天线正常","湖南省长沙市宁乡县,距魏家冲 约89米,距望塔仑 约248米",112.525096,28.256397,0.0,0.9425113633881896
1058,,2017-06-10 17:38:10,0.0,0.0,"ACC开,3D定位,天线正常","湖南省长沙市宁乡县,距魏家冲 约89米,距望塔仑 约248米",112.525101,28.256397,0.0,0.4897242137545238
1059,,2017-06-10 17:39:10,0.0,0.0,"ACC开,3D定位,天线正常","湖南省长沙市宁乡县,距魏家冲 约89米,距望塔仑 约247米",112.525104,28.25641,0.0,1.4750977267869712
1060,,2017-06-10 17:40:10,0.0,0.0,"ACC开,3D定位,天线正常","湖南省长沙市宁乡县,距魏家冲 约89米,距望塔仑 约248米",112.525097,28.256407,0.0,0.7624601211654803
1061,,2017-06-10 17:41:10,0.0,0.0,"ACC开,3D定位,天线正常","湖南省长沙市宁乡县,距魏家冲 约89米,距望塔仑 约247米",112.525101,28.256414000000003,0.0,0.8714034789673978
1062,,2017-06-10 17:42:10,0.0,0.0,"ACC开,3D定位,天线正常","湖南省长沙市宁乡县,距魏家冲 约89米,距望塔仑 约246米",112.525106,28.256422,0.0,1.0154545264953072
1063,,2017-06-10 17:43:10,0.0,0.0,"ACC开,3D定位,天线正常","湖南省长沙市宁乡县,距魏家冲 约89米,距望塔仑 约245米",112.525107,28.256435,0.0,1.4488504993883868
1064,,2017-06-10 17:44:10,0.0,0.0,"ACC开,3D定位,天线正常","湖南省长沙市宁乡县,距魏家冲 约89米,距望塔仑 约244米",112.525111,28.25644500000001,0.0,1.178951067637428
1065,,2017-06-10 17:45:10,0.0,0.0,"ACC开,3D定位,天线正常","湖南省长沙市宁乡县,距魏家冲 约88米,距望塔仑 约245米",112.525119,28.256422,0.0,2.6748277065756034
1066,,2017-06-10 17:46:10,0.0,0.0,"ACC开,3D定位,天线正常","湖南省长沙市宁乡县,距魏家冲 约84米,距望塔仑 约242米",112.525152,28.256425,0.0,3.249347663140137
1067,,2017-06-10 17:47:10,0.0,0.0,"ACC开,3D定位,天线正常","湖南省长沙市宁乡县,距魏家冲 约88米,距望塔仑 约242米",112.525123,28.25646,0.0,4.818110874034881
1068,,2017-06-10 17:48:10,0.0,0.0,"ACC开,3D定位,天线正常","湖南省长沙市宁乡县,距魏家冲 约84米,距望塔仑 约237米",112.525169,28.256476,0.0,4.844010773989165
1069,,2017-06-10 17:49:10,0.0,0.0,"ACC开,3D定位,天线正常","湖南省长沙市宁乡县,距魏家冲 约86米,距望塔仑 约238米",112.52515,28.256481,0.0,1.9422270084494568
1070,,2017-06-10 17:50:10,0.0,0.0,"ACC开,3D定位,天线正常","湖南省长沙市宁乡县,距魏家冲 约85米,距望塔仑 约238米",112.525157,28.256478,0.0,0.7624597113686946
1071,,2017-06-10 17:51:10,0.0,0.0,"ACC开,3D定位,天线正常","湖南省长沙市宁乡县,距魏家冲 约83米,距望塔仑 约237米",112.525178,28.256473,0.0,2.1306572205572607
1072,,2017-06-10 17:52:10,0.0,0.0,"ACC开,3D定位,天线正常","湖南省长沙市宁乡县,距魏家冲 约84米,距望塔仑 约238米",112.525168,28.256472,0.0,0.985739421666042
1073,,2017-06-10 17:53:10,0.0,0.0,"ACC开,3D定位,天线正常","湖南省长沙市宁乡县,距魏家冲 约86米,距望塔仑 约239米",112.525151,28.256469,0.0,1.6981483568725837
1074,,2017-06-10 17:54:10,0.0,0.0,"ACC开,3D定位,天线正常","湖南省长沙市宁乡县,距魏家冲 约85米,距望塔仑 约239米",112.525154,28.256465,0.0,0.5330742558110518
1075,,2017-06-10 17:55:10,0.0,0.0,"ACC开,3D定位,天线正常","湖南省长沙市宁乡县,距魏家冲 约85米,距望塔仑 约241米",112.525146,28.256447,0.0,2.1494213029647207
1076,,2017-06-10 17:56:10,0.0,0.0,"ACC开,3D定位,天线正常","湖南省长沙市宁乡县,距魏家冲 约85米,距望塔仑 约240米",112.525154,28.256456,0.0,1.2710136713787272
1077,,2017-06-10 17:57:10,0.0,0.0,"ACC开,3D定位,天线正常","湖南省长沙市宁乡县,距魏家冲 约85米,距望塔仑 约241米",112.525152,28.25645,0.0,0.6953338816236565
1078,,2017-06-10 17:58:10,0.0,0.0,"ACC开,3D定位,天线正常","湖南省长沙市宁乡县,距魏家冲 约85米,距望塔仑 约241米",112.525151,28.256448,0.0,0.2430032303168069
1079,,2017-06-10 17:59:10,0.0,0.0,"ACC开,3D定位,天线正常","湖南省长沙市宁乡县,距魏家冲 约86米,距望塔仑 约241米",112.525145,28.256451,0.0,0.6757467714554514
1080,,2017-06-10 18:00:10,0.0,0.0,"ACC开,3D定位,天线正常","湖南省长沙市宁乡县,距魏家冲 约86米,距望塔仑 约241米",112.525143,28.25645,0.0,0.2252489218057116
1081,,2017-06-10 18:01:10,0.0,0.0,"ACC开,3D定位,天线正常","湖南省长沙市宁乡县,距魏家冲 约86米,距望塔仑 约241米",112.525145,28.256451,0.0,0.2252489220070555
1082,,2017-06-10 18:02:10,0.0,0.0,"ACC开,3D定位,天线正常","湖南省长沙市宁乡县,距魏家冲 约85米,距望塔仑 约241米",112.525147,28.256448,0.0,0.3868486158612113
1083,,2017-06-10 18:03:10,0.0,0.0,"ACC开,3D定位,天线正常","湖南省长沙市宁乡县,距魏家冲 约86米,距望塔仑 约242米",112.52513799999998,28.25645,0.0,0.9091233141835174
1084,,2017-06-10 18:04:10,0.0,0.0,"ACC开,3D定位,天线正常","湖南省长沙市宁乡县,距魏家冲 约88米,距望塔仑 约243米",112.52512,28.256447,0.0,1.7942882660037196
1085,,2017-06-10 18:05:10,0.0,0.0,"ACC开,3D定位,天线正常","湖南省长沙市宁乡县,距魏家冲 约90米,距望塔仑 约245米",112.525097,28.25644,0.0,2.3834108394860767
1086,,2017-06-10 18:06:10,0.0,0.0,"ACC开,3D定位,天线正常","湖南省长沙市宁乡县,距魏家冲 约89米,距望塔仑 约245米",112.525105,28.256438,0.0,0.8145067256845164
1087,,2017-06-10 18:07:10,0.0,0.0,"ACC开,3D定位,天线正常","湖南省长沙市宁乡县,距魏家冲 约88米,距望塔仑 约245米",112.525115,28.256427,0.0,1.5669730425040147
1088,,2017-06-10 18:08:10,0.0,0.0,"ACC开,3D定位,天线正常","湖南省长沙市宁乡县,距魏家冲 约89米,距望塔仑 约246米",112.525106,28.256415000000004,0.0,1.5992229763771435
1089,,2017-06-10 18:09:10,0.0,0.0,"ACC开,3D定位,天线正常","湖南省长沙市宁乡县,距魏家冲 约87米,距望塔仑 约245米",112.525119,28.256416,0.0,1.2781288126207293
1090,,2017-06-10 18:10:10,0.0,0.0,"ACC开,3D定位,天线正常","湖南省长沙市宁乡县,距魏家冲 约88米,距望塔仑 约246米",112.525117,28.256413,0.0,0.3868486468822455
1091,,2017-06-10 18:11:10,0.0,0.0,"ACC开,3D定位,天线正常","湖南省长沙市宁乡县,距魏家冲 约87米,距望塔仑 约246米",112.525119,28.256412,0.0,0.2252489821819493
1092,,2017-06-10 18:12:10,0.0,0.0,"ACC开,3D定位,天线正常","湖南省长沙市宁乡县,距魏家冲 约88米,距望塔仑 约246米",112.525115,28.256414000000003,0.0,0.4504979653626231
1093,,2017-06-10 18:13:10,0.0,0.0,"ACC开,3D定位,天线正常","湖南省长沙市宁乡县,距魏家冲 约88米,距望塔仑 约246米",112.525114,28.256416,0.0,0.2430032410255439
1094,,2017-06-10 18:14:10,0.0,0.0,"ACC开,3D定位,天线正常","湖南省长沙市宁乡县,距魏家冲 约88米,距望塔仑 约246米",112.525112,28.256418,0.0,0.29636150271971506
1095,,2017-06-10 18:15:10,0.0,0.0,"ACC开,3D定位,天线正常","湖南省长沙市宁乡县,距魏家冲 约88米,距望塔仑 约246米",112.525113,28.256419,0.0,0.14818074998511105
1096,,2017-06-10 18:16:10,0.0,0.0,"ACC开,3D定位,天线正常","湖南省长沙市宁乡县,距魏家冲 约88米,距望塔仑 约246米",112.525115,28.256417,0.0,0.2963615022880927
1097,,2017-06-10 18:17:10,0.0,0.0,"ACC开,3D定位,天线正常","湖南省长沙市宁乡县,距魏家冲 约87米,距望塔仑 约245米",112.525125,28.25642,0.0,1.0346970366770525
1098,,2017-06-10 18:18:10,0.0,0.0,"ACC开,3D定位,天线正常","湖南省长沙市宁乡县,距魏家冲 约85米,距望塔仑 约243米",112.525142,28.256422,0.0,1.67984781315105
1099,,2017-06-10 18:19:10,0.0,0.0,"ACC开,3D定位,天线正常","湖南省长沙市宁乡县,距魏家冲 约84米,距望塔仑 约243米",112.525151,28.256417,0.0,1.0421885181778452
1100,,2017-06-10 18:20:10,0.0,0.0,"ACC开,3D定位,天线正常","湖南省长沙市宁乡县,距魏家冲 约84米,距望塔仑 约243米",112.525151,28.256414000000003,0.0,0.3335852507232613
1101,,2017-06-10 18:21:10,0.0,0.0,"ACC开,3D定位,天线正常","湖南省长沙市宁乡县,距魏家冲 约84米,距望塔仑 约243米",112.525157,28.256416,0.0,0.6283408231291421
1102,,2017-06-10 18:22:10,0.0,0.0,"ACC开,3D定位,天线正常","湖南省长沙市宁乡县,距魏家冲 约84米,距望塔仑 约243米",112.525156,28.256416,0.0,0.09794482429737167
1103,,2017-06-10 18:23:10,0.0,0.0,"ACC开,3D定位,天线正常","湖南省长沙市宁乡县,距魏家冲 约84米,距望塔仑 约243米",112.525153,28.256418,0.0,0.3685052029219274
1104,,2017-06-10 18:24:10,0.0,0.0,"ACC开,3D定位,天线正常","湖南省长沙市宁乡县,距魏家冲 约84米,距望塔仑 约243米",112.525149,28.256416,0.0,0.4504979513876491
1105,,2017-06-10 18:25:10,0.0,0.0,"ACC开,3D定位,天线正常","湖南省长沙市宁乡县,距魏家冲 约85米,距望塔仑 约243米",112.525148,28.256425,0.0,1.005537302378798
1106,,2017-06-10 18:26:10,0.0,0.0,"ACC开,3D定位,天线正常","湖南省长沙市宁乡县,距魏家冲 约86米,距望塔仑 约243米",112.525133,28.256432,0.0,1.6626244160699115
1107,,2017-06-10 18:27:10,0.0,0.0,"ACC开,3D定位,天线正常","湖南省长沙市宁乡县,距魏家冲 约87米,距望塔仑 约244米",112.525125,28.256426,0.0,1.0291163258394762
1108,,2017-06-10 18:28:10,0.0,0.0,"ACC开,3D定位,天线正常","湖南省长沙市宁乡县,距魏家冲 约89米,距望塔仑 约245米",112.52511,28.256435,0.0,1.7776329663783392
1109,,2017-06-10 18:29:10,0.0,0.0,"ACC开,3D定位,天线正常","湖南省长沙市宁乡县,距魏家冲 约88米,距望塔仑 约245米",112.525111,28.256433,0.0,0.2430032340747225
1110,,2017-06-10 18:30:10,0.0,0.0,"ACC开,3D定位,天线正常","湖南省长沙市宁乡县,距魏家冲 约88米,距望塔仑 约245米",112.525111,28.256431,0.0,0.22239016832771435
1111,,2017-06-10 18:31:10,0.0,0.0,"ACC开,3D定位,天线正常","湖南省长沙市宁乡县,距魏家冲 约89米,距望塔仑 约245米",112.525104,28.256431,0.0,0.6856136810869154
1112,,2017-06-10 18:32:10,0.0,0.0,"ACC开,3D定位,天线正常","湖南省长沙市宁乡县,距魏家冲 约89米,距望塔仑 约246米",112.5251,28.256428000000003,0.0,0.5145581611323704
1113,,2017-06-10 18:33:10,0.0,0.0,"ACC开,3D定位,天线正常","湖南省长沙市宁乡县,距魏家冲 约88米,距望塔仑 约246米",112.525108,28.256418,0.0,1.3602935957051046
1114,,2017-06-10 18:34:10,0.0,0.0,"ACC开,3D定位,天线正常","湖南省长沙市宁乡县,距魏家冲 约88米,距望塔仑 约246米",112.525112,28.256413,0.0,0.6801468133845052
1115,,2017-06-10 18:35:10,0.0,0.0,"ACC开,3D定位,天线正常","湖南省长沙市宁乡县,距魏家冲 约89米,距望塔仑 约247米",112.525103,28.256411,0.0,0.9091236095144728
1116,,2017-06-10 18:36:10,0.0,0.0,"ACC开,3D定位,天线正常","湖南省长沙市宁乡县,距魏家冲 约89米,距望塔仑 约248米",112.5251,28.256404,0.0,0.8319805881408461
1117,,2017-06-10 18:37:10,0.0,0.0,"ACC开,3D定位,天线正常","湖南省长沙市宁乡县,距魏家冲 约88米,距望塔仑 约248米",112.525105,28.2564,0.0,0.6615582590055175
1118,,2017-06-10 18:38:10,0.0,0.0,"ACC开,3D定位,天线正常","湖南省长沙市宁乡县,距魏家冲 约88米,距望塔仑 约247米",112.525114,28.2564,0.0,0.8815035559638564
1119,,2017-06-10 18:39:10,0.0,0.0,"ACC开,3D定位,天线正常","湖南省长沙市宁乡县,距魏家冲 约84米,距望塔仑 约245米",112.525152,28.256392,0.0,3.82673333160399
1120,,2017-06-10 18:40:10,0.0,0.0,"ACC开,3D定位,天线正常","湖南省长沙市宁乡县,距魏家冲 约81米,距望塔仑 约242米",112.525177,28.256399,0.0,2.569357559434656
1121,,2017-06-10 18:41:10,0.0,0.0,"ACC开,3D定位,天线正常","湖南省长沙市宁乡县,距魏家冲 约82米,距望塔仑 约242米",112.525176,28.256399,0.0,0.09794483991650027
1122,,2017-06-10 18:42:10,0.0,0.0,"ACC开,3D定位,天线正常","湖南省长沙市宁乡县,距魏家冲 约77米,距望塔仑 约238米",112.52523,28.256408,0.0,5.382866996634268
1123,,2017-06-10 18:43:10,0.0,0.0,"ACC开,3D定位,天线正常","湖南省长沙市宁乡县,距魏家冲 约78米,距望塔仑 约239米",112.525215,28.256407,0.0,1.4733744153086128
1124,,2017-06-10 18:44:10,0.0,0.0,"ACC开,3D定位,天线正常","湖南省长沙市宁乡县,距魏家冲 约79米,距望塔仑 约239米",112.525205,28.256412,0.0,1.1262449375873915
1125,,2017-06-10 18:45:10,0.0,0.0,"ACC开,3D定位,天线正常","湖南省长沙市宁乡县,距魏家冲 约80米,距望塔仑 约240米",112.525196,28.256409,0.0,0.9425112694182598
1126,,2017-06-10 18:46:10,0.0,0.0,"ACC开,3D定位,天线正常","湖南省长沙市宁乡县,距魏家冲 约90米,距望塔仑 约258米",112.525075,28.256283000000003,0.0,18.35076098186739
1127,,2017-06-10 18:47:10,0.0,0.0,"ACC开,3D定位,天线正常","湖南省长沙市宁乡县,距魏家冲 约89米,距望塔仑 约259米",112.525092,28.256263,0.0,2.7781608392959134
1128,,2017-06-10 18:48:10,0.0,0.0,"ACC开,3D定位,天线正常","湖南省长沙市宁乡县,距魏家冲 约87米,距望塔仑 约257米",112.525106,28.256266,0.0,1.4112226855017338
1129,,2017-06-10 18:49:10,0.0,0.0,"ACC开,3D定位,天线正常","湖南省长沙市宁乡县,距魏家冲 约87米,距望塔仑 约257米",112.525111,28.25626500000001,0.0,0.5021899475665685
1130,,2017-06-10 18:50:10,0.0,0.0,"ACC开,3D定位,天线正常","湖南省长沙市宁乡县,距魏家冲 约88米,距望塔仑 约255米",112.525102,28.256304,0.0,4.4252933734256805
1131,,2017-06-10 18:51:10,0.0,0.0,"ACC开,3D定位,天线正常","湖南省长沙市宁乡县,距魏家冲 约87米,距望塔仑 约254米",112.525107,28.256304,0.0,0.4897246397367647
1132,,2017-06-10 18:52:10,0.0,0.0,"ACC开,3D定位,天线正常","湖南省长沙市宁乡县,距魏家冲 约90米,距望塔仑 约256米",112.525085,28.256305,0.0,2.1576555391377847
1133,,2017-06-10 18:53:10,0.0,0.0,"ACC开,3D定位,天线正常","湖南省长沙市宁乡县,距魏家冲 约89米,距望塔仑 约255米",112.52508799999998,28.25631,0.0,0.6288461976135279
1134,,2017-06-10 18:54:10,0.0,0.0,"ACC开,3D定位,天线正常","湖南省长沙市宁乡县,距魏家冲 约91米,距望塔仑 约255米",112.525075,28.256325,0.0,2.098387450705203
1135,,2017-06-10 18:55:10,0.0,0.0,"ACC开,3D定位,天线正常","湖南省长沙市宁乡县,距魏家冲 约88米,距望塔仑 约254米",112.525101,28.256318,0.0,2.6628668939390683
1136,,2017-06-10 18:56:10,0.0,0.0,"ACC开,3D定位,天线正常","湖南省长沙市宁乡县,距魏家冲 约91米,距望塔仑 约254米",112.525071,28.256347,0.0,4.3626023142826735
1137,,2017-06-10 18:57:10,0.0,0.0,"ACC开,3D定位,天线正常","湖南省长沙市宁乡县,距魏家冲 约92米,距望塔仑 约254米",112.52506499999998,28.256357,0.0,1.2576922819101046
1138,,2017-06-10 18:58:10,0.0,0.0,"ACC开,3D定位,天线正常","湖南省长沙市宁乡县,距魏家冲 约91米,距望塔仑 约252米",112.52507,28.256371,0.0,1.6319442081941404
1139,,2017-06-10 18:59:10,0.0,0.0,"ACC开,3D定位,天线正常","湖南省长沙市宁乡县,距魏家冲 约91米,距望塔仑 约252米",112.525077,28.256369,0.0,0.7207801611568527
1140,,2017-06-10 19:00:10,0.0,0.0,"ACC开,3D定位,天线正常","湖南省长沙市宁乡县,距魏家冲 约92米,距望塔仑 约252米",112.525067,28.256385,0.0,2.0309092347434508
1141,,2017-06-10 19:01:10,0.0,0.0,"ACC开,3D定位,天线正常","湖南省长沙市宁乡县,距魏家冲 约92米,距望塔仑 约251米",112.525069,28.256394,0.0,1.0197474455633335
1142,,2017-06-10 19:02:10,0.0,0.0,"ACC开,3D定位,天线正常","湖南省长沙市宁乡县,距魏家冲 约90米,距望塔仑 约249米",112.525089,28.2564,0.0,2.06939444236542
1143,,2017-06-10 19:03:10,0.0,0.0,"ACC开,3D定位,天线正常","湖南省长沙市宁乡县,距魏家冲 约85米,距望塔仑 约247米",112.525136,28.256382,0.0,5.019702407637124
1144,,2017-06-10 19:04:10,0.0,0.0,"ACC开,3D定位,天线正常","湖南省长沙市宁乡县,距魏家冲 约88米,距望塔仑 约247米",112.52511,28.256406,0.0,3.6887480188499295
1145,,2017-06-10 19:05:10,0.0,0.0,"ACC开,3D定位,天线正常","湖南省长沙市宁乡县,距魏家冲 约89米,距望塔仑 约247米",112.525102,28.256417,0.0,1.45260114247885
1146,,2017-06-10 19:06:10,0.0,0.0,"ACC开,3D定位,天线正常","湖南省长沙市宁乡县,距魏家冲 约89米,距望塔仑 约244米",112.525112,28.256441,0.0,2.84274204096102
1147,,2017-06-10 19:07:10,0.0,0.0,"ACC开,3D定位,天线正常","湖南省长沙市宁乡县,距魏家冲 约83米,距望塔仑 约239米",112.525172,28.256452000000003,0.0,6.002628238379079
1148,,2017-06-10 19:08:10,0.0,0.0,"ACC开,3D定位,天线正常","湖南省长沙市宁乡县,距魏家冲 约85米,距望塔仑 约241米",112.525152,28.256439,0.0,2.4345118541184587
1149,,2017-06-10 19:09:10,0.0,0.0,"ACC开,3D定位,天线正常","湖南省长沙市宁乡县,距魏家冲 约84米,距望塔仑 约241米",112.525156,28.256434,0.0,0.6801467689289287
1150,,2017-06-10 19:10:10,0.0,0.0,"ACC开,3D定位,天线正常","湖南省长沙市宁乡县,距魏家冲 约84米,距望塔仑 约244米",112.525151,28.256408,0.0,2.932256474088053
1151,,2017-06-10 19:11:10,0.0,0.0,"ACC开,3D定位,天线正常","湖南省长沙市宁乡县,距魏家冲 约83米,距望塔仑 约241米",112.525165,28.256423,0.0,2.159222779191008
1152,,2017-06-10 19:12:10,0.0,0.0,"ACC开,3D定位,天线正常","湖南省长沙市宁乡县,距魏家冲 约83米,距望塔仑 约241米",112.525163,28.256425,0.0,0.2963614953066458
1153,,2017-06-10 19:13:10,0.0,0.0,"ACC开,3D定位,天线正常","湖南省长沙市宁乡县,距魏家冲 约82米,距望塔仑 约241米",112.525171,28.256422,0.0,0.851612069002573
1154,,2017-06-10 19:14:10,0.0,0.0,"ACC开,3D定位,天线正常","湖南省长沙市宁乡县,距魏家冲 约81米,距望塔仑 约239米",112.52518899999998,28.256428000000003,0.0,1.8850223108197963
1155,,2017-06-10 19:15:10,0.0,0.0,"ACC开,3D定位,天线正常","湖南省长沙市宁乡县,距魏家冲 约80米,距望塔仑 约239米",112.525193,28.256426,0.0,0.450497919426915
1156,,2017-06-10 19:16:10,0.0,0.0,"ACC开,3D定位,天线正常","湖南省长沙市宁乡县,距魏家冲 约81米,距望塔仑 约239米",112.52518899999998,28.256436,0.0,1.1789510768805738
1157,,2017-06-10 19:17:10,0.0,0.0,"ACC开,3D定位,天线正常","湖南省长沙市宁乡县,距魏家冲 约81米,距望塔仑 约239米",112.52518700000002,28.256433,0.0,0.3868486257697107
1158,,2017-06-10 19:18:10,0.0,0.0,"ACC开,3D定位,天线正常","湖南省长沙市宁乡县,距魏家冲 约81米,距望塔仑 约239米",112.525186,28.256432,0.0,0.14818074387740346
1159,,2017-06-10 19:19:10,0.0,0.0,"ACC开,3D定位,天线正常","湖南省长沙市宁乡县,距魏家冲 约81米,距望塔仑 约240米",112.525184,28.25642,0.0,1.3486432678407254
1160,,2017-06-10 19:20:10,0.0,0.0,"ACC开,3D定位,天线正常","湖南省长沙市宁乡县,距魏家冲 约81米,距望塔仑 约240米",112.52518700000002,28.256417,0.0,0.4445422539072672
1161,,2017-06-10 19:21:10,0.0,0.0,"ACC开,3D定位,天线正常","湖南省长沙市宁乡县,距魏家冲 约80米,距望塔仑 约239米",112.525193,28.256423,0.0,0.8890844979081474
1162,,2017-06-10 19:22:10,0.0,0.0,"ACC开,3D定位,天线正常","湖南省长沙市宁乡县,距魏家冲 约80米,距望塔仑 约239米",112.525196,28.256424,0.0,0.3141703903856258
1163,,2017-06-10 19:23:10,0.0,0.0,"ACC开,3D定位,天线正常","湖南省长沙市宁乡县,距魏家冲 约82米,距望塔仑 约241米",112.525178,28.256419,0.0,1.8485944676123056
1164,,2017-06-10 19:24:10,0.0,0.0,"ACC开,3D定位,天线正常","湖南省长沙市宁乡县,距魏家冲 约83米,距望塔仑 约241米",112.52517,28.256421000000003,0.0,0.8145068587800418
1165,,2017-06-10 19:25:10,0.0,0.0,"ACC开,3D定位,天线正常","湖南省长沙市宁乡县,距魏家冲 约83米,距望塔仑 约241米",112.525167,28.256426,0.0,0.6288460484849899
1166,,2017-06-10 19:26:10,0.0,0.0,"ACC开,3D定位,天线正常","湖南省长沙市宁乡县,距魏家冲 约82米,距望塔仑 约239米",112.525184,28.256438,0.0,2.133751776684258
1167,,2017-06-10 19:27:10,0.0,0.0,"ACC开,3D定位,天线正常","湖南省长沙市宁乡县,距魏家冲 约82米,距望塔仑 约239米",112.52518,28.256446,0.0,0.9720129277925218
1168,,2017-06-10 19:28:10,0.0,0.0,"ACC开,3D定位,天线正常","湖南省长沙市宁乡县,距魏家冲 约83米,距望塔仑 约239米",112.525175,28.256444,0.0,0.5378540472312643
1169,,2017-06-10 19:29:10,0.0,0.0,"ACC开,3D定位,天线正常","湖南省长沙市宁乡县,距魏家冲 约81米,距望塔仑 约238米",112.525191,28.256446,0.0,1.5828178583897032
1170,,2017-06-10 19:30:10,0.0,0.0,"ACC开,3D定位,天线正常","湖南省长沙市宁乡县,距魏家冲 约81米,距望塔仑 约238米",112.525195,28.256444,0.0,0.4504978620721562
1171,,2017-06-10 19:31:10,0.0,0.0,"ACC开,3D定位,天线正常","湖南省长沙市宁乡县,距魏家冲 约80米,距望塔仑 约238米",112.525203,28.256438,0.0,1.0291162598612449
1172,,2017-06-10 19:32:10,0.0,0.0,"ACC开,3D定位,天线正常","湖南省长沙市宁乡县,距魏家冲 约80米,距望塔仑 约238米",112.525201,28.256429,0.0,1.0197474298710747
1173,,2017-06-10 19:33:10,0.0,0.0,"ACC开,3D定位,天线正常","湖南省长沙市宁乡县,距魏家冲 约80米,距望塔仑 约239米",112.525199,28.256426,0.0,0.3868486341760297
1174,,2017-06-10 19:34:10,0.0,0.0,"ACC开,3D定位,天线正常","湖南省长沙市宁乡县,距魏家冲 约80米,距望塔仑 约239米",112.525198,28.256421000000003,0.0,0.5645368484400374
1175,,2017-06-10 19:35:10,0.0,0.0,"ACC开,3D定位,天线正常","湖南省长沙市宁乡县,距魏家冲 约87米,距望塔仑 约245米",112.525122,28.256423,0.0,7.447127602246484
1176,,2017-06-10 19:36:10,0.0,0.0,"ACC开,3D定位,天线正常","湖南省长沙市宁乡县,距魏家冲 约86米,距望塔仑 约245米",112.52513,28.256417,0.0,1.0291163759773772
1177,,2017-06-10 19:37:10,0.0,0.0,"ACC开,3D定位,天线正常","湖南省长沙市宁乡县,距魏家冲 约84米,距望塔仑 约243米",112.52515,28.256419,0.0,1.9714798372644309
1178,,2017-06-10 19:38:10,0.0,0.0,"ACC开,3D定位,天线正常","湖南省长沙市宁乡县,距魏家冲 约84米,距望塔仑 约243米",112.525149,28.256416,0.0,0.34766695021912675
1179,,2017-06-10 19:39:10,0.0,0.0,"ACC开,3D定位,天线正常","湖南省长沙市宁乡县,距魏家冲 约81米,距望塔仑 约241米",112.52518899999998,28.256411,0.0,3.9570457932584593
1180,,2017-06-10 19:40:10,0.0,0.0,"ACC开,3D定位,天线正常","湖南省长沙市宁乡县,距魏家冲 约80米,距望塔仑 约238米",112.525203,28.25643,0.0,2.518688941915534
1181,,2017-06-10 19:41:10,0.0,0.0,"ACC开,3D定位,天线正常","湖南省长沙市宁乡县,距魏家冲 约79米,距望塔仑 约238米",112.525203,28.256425,0.0,0.5559754183436522
1182,,2017-06-10 19:42:10,0.0,0.0,"ACC开,3D定位,天线正常","湖南省长沙市宁乡县,距魏家冲 约80米,距望塔仑 约238米",112.5252,28.256429,0.0,0.5330743174455699
1183,,2017-06-10 19:43:10,0.0,0.0,"ACC开,3D定位,天线正常","湖南省长沙市宁乡县,距魏家冲 约80米,距望塔仑 约239米",112.5252,28.256427,0.0,0.22239016691306615
1184,,2017-06-10 19:44:10,0.0,0.0,"ACC开,3D定位,天线正常","湖南省长沙市宁乡县,距魏家冲 约79米,距望塔仑 约238米",112.525207,28.256427,0.0,0.6856137068125571
1185,,2017-06-10 19:45:10,0.0,0.0,"ACC开,3D定位,天线正常","湖南省长沙市宁乡县,距魏家冲 约78米,距望塔仑 约237米",112.525215,28.256432,0.0,0.9607666675211238
1186,,2017-06-10 19:46:10,0.0,0.0,"ACC开,3D定位,天线正常","湖南省长沙市宁乡县,距魏家冲 约78米,距望塔仑 约237米",112.525215,28.256431,0.0,0.11119508416385716
1187,,2017-06-10 19:47:10,0.0,0.0,"ACC开,3D定位,天线正常","湖南省长沙市宁乡县,距魏家冲 约78米,距望塔仑 约237米",112.525217,28.256425,0.0,0.6953338945889208
1188,,2017-06-10 19:48:10,0.0,0.0,"ACC开,3D定位,天线正常","湖南省长沙市宁乡县,距魏家冲 约77米,距望塔仑 约237米",112.525223,28.256421000000003,0.0,0.7370103773156469
1189,,2017-06-10 19:49:10,0.0,0.0,"ACC开,3D定位,天线正常","湖南省长沙市宁乡县,距魏家冲 约77米,距望塔仑 约237米",112.525223,28.256421000000003,0.0,0.0
1190,,2017-06-10 19:50:10,0.0,0.0,"ACC开,3D定位,天线正常","湖南省长沙市宁乡县,距魏家冲 约78米,距望塔仑 约239米",112.525217,28.256408,0.0,1.5604260281469424
1191,,2017-06-10 19:51:10,0.0,0.0,"ACC开,3D定位,天线正常","湖南省长沙市宁乡县,距魏家冲 约78米,距望塔仑 约239米",112.525214,28.256404,0.0,0.5330743494704842
1192,,2017-06-10 19:52:10,0.0,0.0,"ACC开,3D定位,天线正常","湖南省长沙市宁乡县,距魏家冲 约78米,距望塔仑 约239米",112.525219,28.256405,0.0,0.5021893252788444
1193,,2017-06-10 19:53:10,0.0,0.0,"ACC开,3D定位,天线正常","湖南省长沙市宁乡县,距魏家冲 约78米,距望塔仑 约239米",112.525216,28.256403,0.0,0.3685052311529515
1194,,2017-06-10 19:54:10,0.0,0.0,"ACC开,3D定位,天线正常","湖南省长沙市宁乡县,距魏家冲 约78米,距望塔仑 约240米",112.525214,28.2564,0.0,0.3868486589785214
1195,,2017-06-10 19:55:10,0.0,0.0,"ACC开,3D定位,天线正常","湖南省长沙市宁乡县,距魏家冲 约79米,距望塔仑 约241米",112.525199,28.256393,0.0,1.662624805954554
1196,,2017-06-10 19:56:10,0.0,0.0,"ACC开,3D定位,天线正常","湖南省长沙市宁乡县,距魏家冲 约80米,距望塔仑 约242米",112.525194,28.256391,0.0,0.5378542690648295
1197,,2017-06-10 19:57:10,0.0,0.0,"ACC开,3D定位,天线正常","湖南省长沙市宁乡县,距魏家冲 约80米,距望塔仑 约243米",112.525184,28.256376,0.0,1.9342433800195469
1198,,2017-06-10 19:58:10,0.0,0.0,"ACC开,3D定位,天线正常","湖南省长沙市宁乡县,距魏家冲 约81米,距望塔仑 约247米",112.52517,28.256343,0.0,3.917274625980895
1199,,2017-06-10 19:59:10,0.0,0.0,"ACC开,3D定位,天线正常","湖南省长沙市宁乡县,距魏家冲 约83米,距望塔仑 约251米",112.525151,28.256306,0.0,4.515521857484754
1200,,2017-06-10 20:00:10,0.0,0.0,"ACC开,3D定位,天线正常","湖南省长沙市宁乡县,距魏家冲 约84米,距望塔仑 约252米",112.52514,28.256301,0.0,1.2123889468566236
1201,,2017-06-10 20:01:10,0.0,0.0,"ACC开,3D定位,天线正常","湖南省长沙市宁乡县,距魏家冲 约84米,距望塔仑 约252米",112.525143,28.25629600000001,0.0,0.6288462092452171
1202,,2017-06-10 20:02:10,0.0,0.0,"ACC开,3D定位,天线正常","湖南省长沙市宁乡县,距魏家冲 约83米,距望塔仑 约251米",112.525151,28.256313,0.0,2.046279927483247
1203,,2017-06-10 20:03:10,0.0,0.0,"ACC开,3D定位,天线正常","湖南省长沙市宁乡县,距魏家冲 约83米,距望塔仑 约249米",112.525154,28.256331,0.0,2.0229649437200847
1204,,2017-06-10 20:04:10,0.0,0.0,"ACC开,3D定位,天线正常","湖南省长沙市宁乡县,距魏家冲 约84米,距望塔仑 约249米",112.525148,28.256343,0.0,1.4580196238426435
1205,,2017-06-10 20:05:10,0.0,0.0,"ACC开,3D定位,天线正常","湖南省长沙市宁乡县,距魏家冲 约84米,距望塔仑 约249米",112.525142,28.256346,0.0,0.6757472759202634
1206,,2017-06-10 20:06:10,0.0,0.0,"ACC开,3D定位,天线正常","湖南省长沙市宁乡县,距魏家冲 约85米,距望塔仑 约249米",112.525129,28.256349,0.0,1.3162560920408741
1207,,2017-06-10 20:07:10,0.0,0.0,"ACC开,3D定位,天线正常","湖南省长沙市宁乡县,距魏家冲 约84米,距望塔仑 约248米",112.525147,28.256351,0.0,1.776979008555345
1208,,2017-06-10 20:08:10,0.0,0.0,"ACC开,3D定位,天线正常","湖南省长沙市宁乡县,距魏家冲 约84米,距望塔仑 约248米",112.525141,28.256352000000003,0.0,0.598096615731178
1209,,2017-06-10 20:09:10,0.0,0.0,"ACC开,3D定位,天线正常","湖南省长沙市宁乡县,距魏家冲 约86米,距望塔仑 约249米",112.525125,28.256354,0.0,1.5828191973069896
1210,,2017-06-10 20:10:10,0.0,0.0,"ACC开,3D定位,天线正常","湖南省长沙市宁乡县,距魏家冲 约86米,距望塔仑 约249米",112.525129,28.256355,0.0,0.4072536609321928
1211,,2017-06-10 20:11:10,0.0,0.0,"ACC开,3D定位,天线正常","湖南省长沙市宁乡县,距魏家冲 约86米,距望塔仑 约249米",112.525126,28.256358,0.0,0.4445423670213834
1212,,2017-06-10 20:12:10,0.0,0.0,"ACC开,3D定位,天线正常","湖南省长沙市宁乡县,距魏家冲 约85米,距望塔仑 约249米",112.525134,28.256357,0.0,0.7914095671307335
1213,,2017-06-10 20:13:10,0.0,0.0,"ACC开,3D定位,天线正常","湖南省长沙市宁乡县,距魏家冲 约78米,距望塔仑 约244米",112.525202,28.256356,0.0,6.6611799826229525
1214,,2017-06-10 20:14:10,0.0,0.0,"ACC开,3D定位,天线正常","湖南省长沙市宁乡县,距魏家冲 约80米,距望塔仑 约245米",112.525185,28.256358,0.0,1.6798488064462878
1215,,2017-06-10 20:15:10,0.0,0.0,"ACC开,3D定位,天线正常","湖南省长沙市宁乡县,距魏家冲 约81米,距望塔仑 约247米",112.525171,28.256344,0.0,2.0745310883347097
1216,,2017-06-10 20:16:10,0.0,0.0,"ACC开,3D定位,天线正常","湖南省长沙市宁乡县,距魏家冲 约81米,距望塔仑 约247米",112.525171,28.256338,0.0,0.6671705021538479
1217,,2017-06-10 20:17:10,0.0,0.0,"ACC开,3D定位,天线正常","湖南省长沙市宁乡县,距魏家冲 约81米,距望塔仑 约248米",112.52517,28.25633400000001,0.0,0.4554368762490539
1218,,2017-06-10 20:18:10,0.0,0.0,"ACC开,3D定位,天线正常","湖南省长沙市宁乡县,距魏家冲 约81米,距望塔仑 约248米",112.525169,28.256323,0.0,1.2270611849576107
1219,,2017-06-10 20:19:10,0.0,0.0,"ACC开,3D定位,天线正常","湖南省长沙市宁乡县,距魏家冲 约75米,距望塔仑 约248米",112.525232,28.256275,0.0,8.158609225855766
1220,,2017-06-10 20:20:10,0.0,0.0,"ACC开,3D定位,天线正常","湖南省长沙市宁乡县,距魏家冲 约75米,距望塔仑 约248米",112.525234,28.256269,0.0,0.6953339760362771
1221,,2017-06-10 20:21:10,0.0,0.0,"ACC开,3D定位,天线正常","湖南省长沙市宁乡县,距魏家冲 约77米,距望塔仑 约251米",112.525218,28.256241,0.0,3.485614941909416
1222,,2017-06-10 20:22:10,0.0,0.0,"ACC开,3D定位,天线正常","湖南省长沙市宁乡县,距魏家冲 约75米,距望塔仑 约252米",112.525237,28.256211,0.0,3.8198253202452888
1223,,2017-06-10 20:23:10,0.0,0.0,"ACC开,3D定位,天线正常","湖南省长沙市宁乡县,距魏家冲 约75米,距望塔仑 约254米",112.525242,28.256188,0.0,2.6039527766459787
1224,,2017-06-10 20:24:10,0.0,0.0,"ACC开,3D定位,天线正常","湖南省长沙市宁乡县,距魏家冲 约76米,距望塔仑 约255米",112.52523,28.25618900000001,0.0,1.1805885916802772
1225,,2017-06-10 20:25:10,0.0,0.0,"ACC开,3D定位,天线正常","湖南省长沙市宁乡县,距魏家冲 约75米,距望塔仑 约254米",112.525238,28.256187,0.0,0.8145084972647966
1226,,2017-06-10 20:26:10,0.0,0.0,"ACC开,3D定位,天线正常","湖南省长沙市宁乡县,距魏家冲 约75米,距望塔仑 约252米",112.525233,28.256214,0.0,3.0419466445094896
1227,,2017-06-10 20:27:10,0.0,0.0,"ACC开,3D定位,天线正常","湖南省长沙市宁乡县,距魏家冲 约76米,距望塔仑 约252米",112.525223,28.256226,0.0,1.6552305962473404
1228,,2017-06-10 20:28:10,0.0,0.0,"ACC开,3D定位,天线正常","湖南省长沙市宁乡县,距魏家冲 约77米,距望塔仑 约252米",112.525212,28.256237,0.0,1.6299895095743286
1229,,2017-06-10 20:29:10,0.0,0.0,"ACC开,3D定位,天线正常","湖南省长沙市宁乡县,距魏家冲 约78米,距望塔仑 约250米",112.525207,28.256266,0.0,3.2616324109081933
1230,,2017-06-10 20:30:10,0.0,0.0,"ACC开,3D定位,天线正常","湖南省长沙市宁乡县,距魏家冲 约78米,距望塔仑 约250米",112.525206,28.256264,0.0,0.24300329665874004
1231,,2017-06-10 20:31:10,0.0,0.0,"ACC开,3D定位,天线正常","湖南省长沙市宁乡县,距魏家冲 约79米,距望塔仑 约250米",112.525193,28.256275,0.0,1.7655988526699011
1232,,2017-06-10 20:32:10,0.0,0.0,"ACC开,3D定位,天线正常","湖南省长沙市宁乡县,距魏家冲 约79米,距望塔仑 约250米",112.525197,28.256271,0.0,0.5927233575879634
1233,,2017-06-10 20:33:10,0.0,0.0,"ACC开,3D定位,天线正常","湖南省长沙市宁乡县,距魏家冲 约78米,距望塔仑 约250米",112.525202,28.256271,0.0,0.4897247938257538
1234,,2017-06-10 20:34:10,0.0,0.0,"ACC开,3D定位,天线正常","湖南省长沙市宁乡县,距魏家冲 约79米,距望塔仑 约249米",112.525197,28.25629600000001,0.0,2.822684357030143
1235,,2017-06-10 20:35:10,0.0,0.0,"ACC开,3D定位,天线正常","湖南省长沙市宁乡县,距魏家冲 约77米,距望塔仑 约247米",112.52521000000002,28.25631,0.0,2.011135073835633
1236,,2017-06-10 20:36:10,0.0,0.0,"ACC开,3D定位,天线正常","湖南省长沙市宁乡县,距魏家冲 约77米,距望塔仑 约246米",112.525212,28.256313,0.0,0.386848743683494
1237,,2017-06-10 20:37:10,0.0,0.0,"ACC开,3D定位,天线正常","湖南省长沙市宁乡县,距魏家冲 约77米,距望塔仑 约247米",112.52521000000002,28.256308,0.0,0.5894756117383411
1238,,2017-06-10 20:38:10,0.0,0.0,"ACC开,3D定位,天线正常","湖南省长沙市宁乡县,距魏家冲 约77米,距望塔仑 约246米",112.525212,28.256315,0.0,0.8026367895107304
1239,,2017-06-10 20:39:10,0.0,0.0,"ACC开,3D定位,天线正常","湖南省长沙市宁乡县,距魏家冲 约77米,距望塔仑 约246米",112.52521000000002,28.256314,0.0,0.22524913913844044
1240,,2017-06-10 20:40:10,0.0,0.0,"ACC开,3D定位,天线正常","湖南省长沙市宁乡县,距魏家冲 约78米,距望塔仑 约246米",112.525205,28.256322,0.0,1.0154547486632568
1241,,2017-06-10 20:41:10,0.0,0.0,"ACC开,3D定位,天线正常","湖南省长沙市宁乡县,距魏家冲 约78米,距望塔仑 约246米",112.525207,28.256318,0.0,0.4860065537837123
1242,,2017-06-10 20:42:10,0.0,0.0,"ACC开,3D定位,天线正常","湖南省长沙市宁乡县,距魏家冲 约77米,距望塔仑 约247米",112.525208,28.256309,0.0,1.0055373117317332
1243,,2017-06-10 20:43:10,0.0,0.0,"ACC开,3D定位,天线正常","湖南省长沙市宁乡县,距魏家冲 约78米,距望塔仑 约247米",112.525207,28.256309,0.0,0.09794492260586064
1244,,2017-06-10 20:44:10,0.0,0.0,"ACC开,3D定位,天线正常","湖南省长沙市宁乡县,距魏家冲 约78米,距望塔仑 约249米",112.525199,28.256291,0.0,2.149421720631455
1245,,2017-06-10 20:45:10,0.0,0.0,"ACC开,3D定位,天线正常","湖南省长沙市宁乡县,距魏家冲 约80米,距望塔仑 约250米",112.52518,28.25629600000001,0.0,1.942230103293756
1246,,2017-06-10 20:46:10,0.0,0.0,"ACC开,3D定位,天线正常","湖南省长沙市宁乡县,距魏家冲 约80米,距望塔仑 约250米",112.525181,28.256298,0.0,0.2430032837522777
1247,,2017-06-10 20:47:10,0.0,0.0,"ACC开,3D定位,天线正常","湖南省长沙市宁乡县,距魏家冲 约80米,距望塔仑 约249米",112.525181,28.2563,0.0,0.22239016726672825
1248,,2017-06-10 20:48:10,0.0,0.0,"ACC开,3D定位,天线正常","湖南省长沙市宁乡县,距魏家冲 约80米,距望塔仑 约249米",112.525181,28.25630300000001,0.0,0.3335852528452337
1249,,2017-06-10 20:49:10,0.0,0.0,"ACC开,3D定位,天线正常","湖南省长沙市宁乡县,距魏家冲 约80米,距望塔仑 约248米",112.525181,28.256313,0.0,1.1119508363336463
1250,,2017-06-10 20:50:10,0.0,0.0,"ACC开,3D定位,天线正常","湖南省长沙市宁乡县,距魏家冲 约81米,距望塔仑 约248米",112.525173,28.256323,0.0,1.3602940398126455
1251,,2017-06-10 20:51:10,0.0,0.0,"ACC开,3D定位,天线正常","湖南省长沙市宁乡县,距魏家冲 约80米,距望塔仑 约246米",112.525186,28.256341,0.0,2.372193030435532
1252,,2017-06-10 20:52:10,0.0,0.0,"ACC开,3D定位,天线正常","湖南省长沙市宁乡县,距魏家冲 约81米,距望塔仑 约246米",112.52518,28.25635,0.0,1.160546135082814
1253,,2017-06-10 20:53:10,0.0,0.0,"ACC开,3D定位,天线正常","湖南省长沙市宁乡县,距魏家冲 约80米,距望塔仑 约246米",112.525181,28.256348,0.0,0.2430032660206667
1254,,2017-06-10 20:54:10,0.0,0.0,"ACC开,3D定位,天线正常","湖南省长沙市宁乡县,距魏家冲 约81米,距望塔仑 约246米",112.525178,28.256352000000003,0.0,0.5330744343350912
1255,,2017-06-10 20:55:10,0.0,0.0,"ACC开,3D定位,天线正常","湖南省长沙市宁乡县,距魏家冲 约81米,距望塔仑 约246米",112.525176,28.256352000000003,0.0,0.1958897674435801
1256,,2017-06-10 20:56:10,0.0,0.0,"ACC开,3D定位,天线正常","湖南省长沙市宁乡县,距魏家冲 约84米,距望塔仑 约247米",112.525144,28.256369,0.0,3.6601546032821966
1257,,2017-06-10 20:57:10,0.0,0.0,"ACC开,3D定位,天线正常","湖南省长沙市宁乡县,距魏家冲 约85米,距望塔仑 约247米",112.52513700000002,28.256372,0.0,0.7624603385510188
1258,,2017-06-10 20:58:10,0.0,0.0,"ACC开,3D定位,天线正常","湖南省长沙市宁乡县,距魏家冲 约85米,距望塔仑 约247米",112.52513700000002,28.256372,0.0,0.0
1259,,2017-06-10 20:59:10,0.0,0.0,"ACC开,3D定位,天线正常","湖南省长沙市宁乡县,距魏家冲 约86米,距望塔仑 约248米",112.525126,28.256376,0.0,1.165592684713899
1260,,2017-06-10 21:00:10,0.0,0.0,"ACC开,3D定位,天线正常","湖南省长沙市宁乡县,距魏家冲 约87米,距望塔仑 约248米",112.525121,28.256377,0.0,0.5021894494989905
1261,,2017-06-10 21:01:10,0.0,0.0,"ACC开,3D定位,天线正常","湖南省长沙市宁乡县,距魏家冲 约87米,距望塔仑 约248米",112.525117,28.256375,0.0,0.4504980826011445
1262,,2017-06-10 21:02:10,0.0,0.0,"ACC开,3D定位,天线正常","湖南省长沙市宁乡县,距魏家冲 约87米,距望塔仑 约249米",112.525113,28.256376,0.0,0.4072535881762789
1263,,2017-06-10 21:03:10,0.0,0.0,"ACC开,3D定位,天线正常","湖南省长沙市宁乡县,距魏家冲 约89米,距望塔仑 约249米",112.525098,28.256391,0.0,2.2227115823406045
1264,,2017-06-10 21:04:10,0.0,0.0,"ACC开,3D定位,天线正常","湖南省长沙市宁乡县,距魏家冲 约89米,距望塔仑 约248米",112.525097,28.256399,0.0,0.8949365220837622
1265,,2017-06-10 21:05:10,0.0,0.0,"ACC开,3D定位,天线正常","湖南省长沙市宁乡县,距魏家冲 约91米,距望塔仑 约247米",112.525087,28.256426,0.0,3.1579942438479427
1266,,2017-06-10 21:06:10,0.0,0.0,"ACC开,3D定位,天线正常","湖南省长沙市宁乡县,距魏家冲 约93米,距望塔仑 约248米",112.525068,28.256433,0.0,2.0171745748516057
1267,,2017-06-10 21:07:10,0.0,0.0,"ACC开,3D定位,天线正常","湖南省长沙市宁乡县,距魏家冲 约93米,距望塔仑 约248米",112.525068,28.256435,0.0,0.2223901665594041
1268,,2017-06-10 21:08:10,0.0,0.0,"ACC开,3D定位,天线正常","湖南省长沙市宁乡县,距魏家冲 约93米,距望塔仑 约248米",112.525067,28.256435,0.0,0.0979448068406884
1269,,2017-06-10 21:09:10,0.0,0.0,"ACC开,3D定位,天线正常","湖南省长沙市宁乡县,距魏家冲 约93米,距望塔仑 约247米",112.525063,28.256448,0.0,1.4976867264523046
1270,,2017-06-10 21:10:10,0.0,0.0,"ACC开,3D定位,天线正常","湖南省长沙市宁乡县,距魏家冲 约94米,距望塔仑 约246米",112.525062,28.256463,0.0,1.6707995626670142
1271,,2017-06-10 21:11:10,0.0,0.0,"ACC开,3D定位,天线正常","湖南省长沙市宁乡县,距魏家冲 约95米,距望塔仑 约246米",112.525057,28.256472,0.0,1.1141550902624064
1272,,2017-06-10 21:12:10,0.0,0.0,"ACC开,3D定位,天线正常","湖南省长沙市宁乡县,距魏家冲 约94米,距望塔仑 约246米",112.525062,28.256473,0.0,0.5021890194346643
1273,,2017-06-10 21:13:10,0.0,0.0,"ACC开,3D定位,天线正常","湖南省长沙市宁乡县,距魏家冲 约93米,距望塔仑 约246米",112.525073,28.256461,0.0,1.7150045611929483
1274,,2017-06-10 21:14:10,0.0,0.0,"ACC开,3D定位,天线正常","湖南省长沙市宁乡县,距魏家冲 约91米,距望塔仑 约245米",112.525089,28.25645,0.0,1.9879488049155511
1275,,2017-06-10 21:15:10,0.0,0.0,"ACC开,3D定位,天线正常","湖南省长沙市宁乡县,距魏家冲 约92米,距望塔仑 约248米",112.525073,28.256424,0.0,3.2884880555036373
1276,,2017-06-10 21:16:10,0.0,0.0,"ACC开,3D定位,天线正常","湖南省长沙市宁乡县,距魏家冲 约92米,距望塔仑 约248米",112.525074,28.256429,0.0,0.5645368482784356
1277,,2017-06-10 21:17:10,0.0,0.0,"ACC开,3D定位,天线正常","湖南省长沙市宁乡县,距魏家冲 约92米,距望塔仑 约248米",112.525074,28.256434,0.0,0.5559754194046383
1278,,2017-06-10 21:18:10,0.0,0.0,"ACC开,3D定位,天线正常","湖南省长沙市宁乡县,距魏家冲 约92米,距望塔仑 约248米",112.525073,28.256434,0.0,0.09794481025161204
1279,,2017-06-10 21:19:10,0.0,0.0,"ACC开,3D定位,天线正常","湖南省长沙市宁乡县,距魏家冲 约92米,距望塔仑 约248米",112.525071,28.256433,0.0,0.225248948623178
1280,,2017-06-10 21:20:10,0.0,0.0,"ACC开,3D定位,天线正常","湖南省长沙市宁乡县,距魏家冲 约94米,距望塔仑 约248米",112.525055,28.256449,0.0,2.3708917960749334
1281,,2017-06-10 21:21:10,0.0,0.0,"ACC开,3D定位,天线正常","湖南省长沙市宁乡县,距魏家冲 约94米,距望塔仑 约248米",112.525058,28.256448,0.0,0.3141703236578675
1282,,2017-06-10 21:22:10,0.0,0.0,"ACC开,3D定位,天线正常","湖南省长沙市宁乡县,距魏家冲 约94米,距望塔仑 约247米",112.52506,28.256454,0.0,0.6953338837524381
1283,,2017-06-10 21:23:10,0.0,0.0,"ACC开,3D定位,天线正常","湖南省长沙市宁乡县,距魏家冲 约94米,距望塔仑 约247米",112.525063,28.256457,0.0,0.4445421852737775
1284,,2017-06-10 21:24:10,0.0,0.0,"ACC开,3D定位,天线正常","湖南省长沙市宁乡县,距魏家冲 约94米,距望塔仑 约246米",112.525064,28.256466,0.0,1.0055372975322492
1285,,2017-06-10 21:25:10,0.0,0.0,"ACC开,3D定位,天线正常","湖南省长沙市宁乡县,距魏家冲 约94米,距望塔仑 约246米",112.525066,28.256472,0.0,0.6953338744343027
1286,,2017-06-10 21:26:10,0.0,0.0,"ACC开,3D定位,天线正常","湖南省长沙市宁乡县,距魏家冲 约94米,距望塔仑 约246米",112.525062,28.25647,0.0,0.4504977777159114
1287,,2017-06-10 21:27:10,0.0,0.0,"ACC开,3D定位,天线正常","湖南省长沙市宁乡县,距魏家冲 约94米,距望塔仑 约246米",112.525061,28.256473,0.0,0.3476669360004266
1288,,2017-06-10 21:28:10,0.0,0.0,"ACC开,3D定位,天线正常","湖南省长沙市宁乡县,距魏家冲 约94米,距望塔仑 约246米",112.525061,28.256472,0.0,0.11119508345653308
1289,,2017-06-10 21:29:10,0.0,0.0,"ACC开,3D定位,天线正常","湖南省长沙市宁乡县,距魏家冲 约94米,距望塔仑 约246米",112.525063,28.256473,0.0,0.2252488854173748
1290,,2017-06-10 21:30:10,0.0,0.0,"ACC开,3D定位,天线正常","湖南省长沙市宁乡县,距魏家冲 约94米,距望塔仑 约245米",112.525064,28.256477,0.0,0.45543684999743106
1291,,2017-06-10 21:31:10,0.0,0.0,"ACC开,3D定位,天线正常","湖南省长沙市宁乡县,距魏家冲 约94米,距望塔仑 约245米",112.525068,28.25648,0.0,0.5145580246207246
1292,,2017-06-10 21:32:10,0.0,0.0,"ACC开,3D定位,天线正常","湖南省长沙市宁乡县,距魏家冲 约94米,距望塔仑 约244米",112.525068,28.256487,0.0,0.7783655859640437
1293,,2017-06-10 21:33:10,0.0,0.0,"ACC开,3D定位,天线正常","湖南省长沙市宁乡县,距魏家冲 约94米,距望塔仑 约244米",112.525069,28.256488,0.0,0.14818070946378611
1294,,2017-06-10 21:34:10,0.0,0.0,"ACC开,3D定位,天线正常","湖南省长沙市宁乡县,距魏家冲 约94米,距望塔仑 约244米",112.525069,28.256491,0.0,0.3335852503695993
1295,,2017-06-10 21:35:10,0.0,0.0,"ACC开,3D定位,天线正常","湖南省长沙市宁乡县,距魏家冲 约95米,距望塔仑 约245米",112.525061,28.256489,0.0,0.8145063611821659
1296,,2017-06-10 21:36:10,0.0,0.0,"ACC开,3D定位,天线正常","湖南省长沙市宁乡县,距魏家冲 约96米,距望塔仑 约246米",112.525048,28.256491,0.0,1.2925571715351782
1297,,2017-06-10 21:37:10,0.0,0.0,"ACC开,3D定位,天线正常","湖南省长沙市宁乡县,距魏家冲 约96米,距望塔仑 约246米",112.525048,28.256489,0.0,0.2223901665594041
1298,,2017-06-10 21:38:10,0.0,0.0,"ACC开,3D定位,天线正常","湖南省长沙市宁乡县,距魏家冲 约95米,距望塔仑 约245米",112.525056,28.256487,0.0,0.8145063780111442
1299,,2017-06-10 21:39:10,0.0,0.0,"ACC开,3D定位,天线正常","湖南省长沙市宁乡县,距魏家冲 约96米,距望塔仑 约246米",112.525045,28.256492,0.0,1.2123872763401469
1300,,2017-06-10 21:40:10,0.0,0.0,"ACC开,3D定位,天线正常","湖南省长沙市宁乡县,距魏家冲 约97米,距望塔仑 约246米",112.525042,28.256499,0.0,0.8319805020112245
1301,,2017-06-10 21:41:10,0.0,0.0,"ACC开,3D定位,天线正常","湖南省长沙市宁乡县,距魏家冲 约97米,距望塔仑 约245米",112.525042,28.256502,0.0,0.3335852514305855
1302,,2017-06-10 21:42:10,0.0,0.0,"ACC开,3D定位,天线正常","湖南省长沙市宁乡县,距魏家冲 约97米,距望塔仑 约245米",112.52504,28.256504,0.0,0.2963613999126014
1303,,2017-06-10 21:43:10,0.0,0.0,"ACC开,3D定位,天线正常","湖南省长沙市宁乡县,距魏家冲 约96米,距望塔仑 约244米",112.525051,28.256515000000004,0.0,1.6299876546553684
1304,,2017-06-10 21:44:10,0.0,0.0,"ACC开,3D定位,天线正常","湖南省长沙市宁乡县,距魏家冲 约96米,距望塔仑 约244米",112.525051,28.256513,0.0,0.2223901679740523
1305,,2017-06-10 21:45:10,0.0,0.0,"ACC开,3D定位,天线正常","湖南省长沙市宁乡县,距魏家冲 约96米,距望塔仑 约244米",112.525049,28.256515000000004,0.0,0.29636138708291704
1306,,2017-06-10 21:46:10,0.0,0.0,"ACC开,3D定位,天线正常","湖南省长沙市宁乡县,距魏家冲 约96米,距望塔仑 约244米",112.52505,28.256513,0.0,0.24300320524146826
1307,,2017-06-10 21:47:10,0.0,0.0,"ACC开,3D定位,天线正常","湖南省长沙市宁乡县,距魏家冲 约97米,距望塔仑 约244米",112.525046,28.256515000000004,0.0,0.4504976407406747
1308,,2017-06-10 21:48:10,0.0,0.0,"ACC开,3D定位,天线正常","湖南省长沙市宁乡县,距魏家冲 约97米,距望塔仑 约244米",112.525048,28.25652,0.0,0.5894754857210033
1309,,2017-06-10 21:49:10,0.0,0.0,"ACC开,3D定位,天线正常","湖南省长沙市宁乡县,距魏家冲 约97米,距望塔仑 约244米",112.525044,28.256526,0.0,0.7736970932305659
1310,,2017-06-10 21:50:10,0.0,0.0,"ACC开,3D定位,天线正常","湖南省长沙市宁乡县,距魏家冲 约97米,距望塔仑 约243米",112.525045,28.256529,0.0,0.347666921517242
1311,,2017-06-10 21:51:10,0.0,0.0,"ACC开,3D定位,天线正常","湖南省长沙市宁乡县,距魏家冲 约97米,距望塔仑 约243米",112.525047,28.256531,0.0,0.2963613671187336
1312,,2017-06-10 21:52:10,0.0,0.0,"ACC开,3D定位,天线正常","湖南省长沙市宁乡县,距魏家冲 约95米,距望塔仑 约242米",112.525064,28.256527,0.0,1.7234428383456526
1313,,2017-06-10 21:53:10,0.0,0.0,"ACC开,3D定位,天线正常","湖南省长沙市宁乡县,距魏家冲 约94米,距望塔仑 约241米",112.525078,28.256519,0.0,1.6344966865840993
1314,,2017-06-10 21:54:10,0.0,0.0,"ACC开,3D定位,天线正常","湖南省长沙市宁乡县,距魏家冲 约93米,距望塔仑 约241米",112.525091,28.256516,0.0,1.3162541280469946
1315,,2017-06-10 21:55:10,0.0,0.0,"ACC开,3D定位,天线正常","湖南省长沙市宁乡县,距魏家冲 约92米,距望塔仑 约240米",112.525095,28.256517,0.0,0.40725308838204977
1316,,2017-06-10 21:56:10,0.0,0.0,"ACC开,3D定位,天线正常","湖南省长沙市宁乡县,距魏家冲 约92米,距望塔仑 约241米",112.525095,28.256509,0.0,0.8895606694205777
1317,,2017-06-10 21:57:10,0.0,0.0,"ACC开,3D定位,天线正常","湖南省长沙市宁乡县,距魏家冲 约92米,距望塔仑 约240米",112.5251,28.256511,0.0,0.5378537752342544
1318,,2017-06-10 21:58:10,0.0,0.0,"ACC开,3D定位,天线正常","湖南省长沙市宁乡县,距魏家冲 约91米,距望塔仑 约239米",112.525111,28.256511,0.0,1.077392118366992
1319,,2017-06-10 21:59:10,0.0,0.0,"ACC开,3D定位,天线正常","湖南省长沙市宁乡县,距魏家冲 约90米,距望塔仑 约239米",112.525119,28.256508,0.0,0.8516114849678458
1320,,2017-06-10 22:00:10,0.0,0.0,"ACC开,3D定位,天线正常","湖南省长沙市宁乡县,距魏家冲 约89米,距望塔仑 约239米",112.525122,28.25651,0.0,0.368504999730376
1321,,2017-06-10 22:01:10,0.0,0.0,"ACC开,3D定位,天线正常","湖南省长沙市宁乡县,距魏家冲 约87米,距望塔仑 约237米",112.525142,28.256505,0.0,2.0362655979136366
1322,,2017-06-10 22:02:10,0.0,0.0,"ACC开,3D定位,天线正常","湖南省长沙市宁乡县,距魏家冲 约85米,距望塔仑 约238米",112.525162,28.256474,0.0,3.9647707817684563
1323,,2017-06-10 22:03:10,0.0,0.0,"ACC开,3D定位,天线正常","湖南省长沙市宁乡县,距魏家冲 约83米,距望塔仑 约237米",112.525176,28.256471,0.0,1.4112200835644595
1324,,2017-06-10 22:04:10,0.0,0.0,"ACC开,3D定位,天线正常","湖南省长沙市宁乡县,距魏家冲 约82米,距望塔仑 约237米",112.525185,28.256458,0.0,1.6931102051193223
1325,,2017-06-10 22:05:10,0.0,0.0,"ACC开,3D定位,天线正常","湖南省长沙市宁乡县,距魏家冲 约83米,距望塔仑 约238米",112.525179,28.256457,0.0,0.5980960402644961
1326,,2017-06-10 22:06:10,0.0,0.0,"ACC开,3D定位,天线正常","湖南省长沙市宁乡县,距魏家冲 约82米,距望塔仑 约237米",112.525185,28.256462,0.0,0.8089889861602839
1327,,2017-06-10 22:07:10,0.0,0.0,"ACC开,3D定位,天线正常","湖南省长沙市宁乡县,距魏家冲 约82米,距望塔仑 约237米",112.52519,28.256465,0.0,0.5925441968477608
1328,,2017-06-10 22:08:10,0.0,0.0,"ACC开,3D定位,天线正常","湖南省长沙市宁乡县,距魏家冲 约81米,距望塔仑 约236米",112.525201,28.256463,0.0,1.1001055332616343
1329,,2017-06-10 22:09:10,0.0,0.0,"ACC开,3D定位,天线正常","湖南省长沙市宁乡县,距魏家冲 约80米,距望塔仑 约236米",112.525202,28.256463,0.0,0.0979447823611052
1330,,2017-06-10 22:10:10,0.0,0.0,"ACC开,3D定位,天线正常","湖南省长沙市宁乡县,距魏家冲 约81米,距望塔仑 约236米",112.525201,28.256465,0.0,0.2430032243530722
1331,,2017-06-10 22:11:10,0.0,0.0,"ACC开,3D定位,天线正常","湖南省长沙市宁乡县,距魏家冲 约77米,距望塔仑 约235米",112.525229,28.256442,0.0,3.749905877336924
1332,,2017-06-10 22:12:10,0.0,0.0,"ACC开,3D定位,天线正常","湖南省长沙市宁乡县,距魏家冲 约78米,距望塔仑 约235米",112.525228,28.256444,0.0,0.24300323198472215
1333,,2017-06-10 22:13:10,0.0,0.0,"ACC开,3D定位,天线正常","湖南省长沙市宁乡县,距魏家冲 约77米,距望塔仑 约234米",112.525233,28.256452000000003,0.0,1.0154544618709114
1334,,2017-06-10 22:14:10,0.0,0.0,"ACC开,3D定位,天线正常","湖南省长沙市宁乡县,距魏家冲 约77米,距望塔仑 约234米",112.525238,28.256452000000003,0.0,0.48972395735378293
1335,,2017-06-10 22:15:10,0.0,0.0,"ACC开,3D定位,天线正常","湖南省长沙市宁乡县,距魏家冲 约76米,距望塔仑 约234米",112.525241,28.256449,0.0,0.4445421958725732
1336,,2017-06-10 22:16:10,0.0,0.0,"ACC开,3D定位,天线正常","湖南省长沙市宁乡县,距魏家冲 约76米,距望塔仑 约233米",112.525243,28.256458,0.0,1.0197474233193369
1337,,2017-06-10 22:17:10,0.0,0.0,"ACC开,3D定位,天线正常","湖南省长沙市宁乡县,距魏家冲 约76米,距望塔仑 约233米",112.525243,28.256458,0.0,0.0
1338,,2017-06-10 22:18:10,0.0,0.0,"ACC开,3D定位,天线正常","湖南省长沙市宁乡县,距魏家冲 约76米,距望塔仑 约234米",112.525244,28.256447,0.0,1.2270611752582188
1339,,2017-06-10 22:19:10,0.0,0.0,"ACC开,3D定位,天线正常","湖南省长沙市宁乡县,距魏家冲 约77米,距望塔仑 约234米",112.52524,28.25645,0.0,0.5145581095148545
1340,,2017-06-10 22:20:10,0.0,0.0,"ACC开,3D定位,天线正常","湖南省长沙市宁乡县,距魏家冲 约77米,距望塔仑 约234米",112.525234,28.256452000000003,0.0,0.6283406345244003
1341,,2017-06-10 22:21:10,0.0,0.0,"ACC开,3D定位,天线正常","湖南省长沙市宁乡县,距魏家冲 约77米,距望塔仑 约235米",112.525231,28.256446,0.0,0.72900968851642
1342,,2017-06-10 22:22:10,0.0,0.0,"ACC开,3D定位,天线正常","湖南省长沙市宁乡县,距魏家冲 约77米,距望塔仑 约235米",112.525228,28.256443,0.0,0.4445422065384539
1343,,2017-06-10 22:23:10,0.0,0.0,"ACC开,3D定位,天线正常","湖南省长沙市宁乡县,距魏家冲 约77米,距望塔仑 约234米",112.525238,28.25644500000001,0.0,1.0043782944714998
1344,,2017-06-10 22:24:10,0.0,0.0,"ACC开,3D定位,天线正常","湖南省长沙市宁乡县,距魏家冲 约75米,距望塔仑 约233米",112.525254,28.256447,0.0,1.582817847337534
1345,,2017-06-10 22:25:10,0.0,0.0,"ACC开,3D定位,天线正常","湖南省长沙市宁乡县,距魏家冲 约74米,距望塔仑 约232米",112.525263,28.256453000000004,0.0,1.1055153880167834
1346,,2017-06-10 22:26:10,0.0,0.0,"ACC开,3D定位,天线正常","湖南省长沙市宁乡县,距魏家冲 约74米,距望塔仑 约232米",112.525264,28.25645,0.0,0.3476669421090522
1347,,2017-06-10 22:27:10,0.0,0.0,"ACC开,3D定位,天线正常","湖南省长沙市宁乡县,距魏家冲 约74米,距望塔仑 约235米",112.525256,28.256421000000003,0.0,3.3184905275238403
1348,,2017-06-10 22:28:10,0.0,0.0,"ACC开,3D定位,天线正常","湖南省长沙市宁乡县,距魏家冲 约74米,距望塔仑 约236米",112.525253,28.256413,0.0,0.9368334339442708
1349,,2017-06-10 22:29:10,0.0,0.0,"ACC开,3D定位,天线正常","湖南省长沙市宁乡县,距魏家冲 约74米,距望塔仑 约235米",112.52526,28.256412,0.0,0.6945722624139994
1350,,2017-06-10 22:30:10,0.0,0.0,"ACC开,3D定位,天线正常","湖南省长沙市宁乡县,距魏家冲 约73米,距望塔仑 约235米",112.525265,28.256406,0.0,0.8276147827982546
1351,,2017-06-10 22:31:10,0.0,0.0,"ACC开,3D定位,天线正常","湖南省长沙市宁乡县,距魏家冲 约73米,距望塔仑 约236米",112.525263,28.256404,0.0,0.29636151807768824
1352,,2017-06-10 22:32:10,0.0,0.0,"ACC开,3D定位,天线正常","湖南省长沙市宁乡县,距魏家冲 约72米,距望塔仑 约236米",112.525272,28.256393,0.0,1.507691776063458
1353,,2017-06-10 22:33:10,0.0,0.0,"ACC开,3D定位,天线正常","湖南省长沙市宁乡县,距魏家冲 约72米,距望塔仑 约236米",112.525268,28.256388,0.0,0.6801468665968741
1354,,2017-06-10 22:34:10,0.0,0.0,"ACC开,3D定位,天线正常","湖南省长沙市宁乡县,距魏家冲 约73米,距望塔仑 约237米",112.525266,28.256386,0.0,0.2963615410292184
1355,,2017-06-10 22:35:10,0.0,0.0,"ACC开,3D定位,天线正常","湖南省长沙市宁乡县,距魏家冲 约73米,距望塔仑 约237米",112.525264,28.256385,0.0,0.2252490253289097
1356,,2017-06-10 22:36:10,0.0,0.0,"ACC开,3D定位,天线正常","湖南省长沙市宁乡县,距魏家冲 约73米,距望塔仑 约237米",112.525264,28.256387,0.0,0.22239016762039024
1357,,2017-06-10 22:37:10,0.0,0.0,"ACC开,3D定位,天线正常","湖南省长沙市宁乡县,距魏家冲 约73米,距望塔仑 约237米",112.52526,28.256386,0.0,0.4072535466365951
1358,,2017-06-10 22:38:10,0.0,0.0,"ACC开,3D定位,天线正常","湖南省长沙市宁乡县,距魏家冲 约73米,距望塔仑 约237米",112.525263,28.256385,0.0,0.31417048581547663
1359,,2017-06-10 22:39:10,0.0,0.0,"ACC开,3D定位,天线正常","湖南省长沙市宁乡县,距魏家冲 约74米,距望塔仑 约238米",112.525251,28.256389,0.0,1.2566819332007042
1360,,2017-06-10 22:40:10,0.0,0.0,"ACC开,3D定位,天线正常","湖南省长沙市宁乡县,距魏家冲 约74米,距望塔仑 约238米",112.525252,28.256388,0.0,0.14818077059825704
1361,,2017-06-10 22:41:10,0.0,0.0,"ACC开,3D定位,天线正常","湖南省长沙市宁乡县,距魏家冲 约75米,距望塔仑 约237米",112.525246,28.2564,0.0,1.4580194980192067
1362,,2017-06-10 22:42:10,0.0,0.0,"ACC开,3D定位,天线正常","湖南省长沙市宁乡县,距魏家冲 约76米,距望塔仑 约234米",112.525247,28.256442,0.0,4.671220468963845
1363,,2017-06-10 22:43:10,0.0,0.0,"ACC开,3D定位,天线正常","湖南省长沙市宁乡县,距魏家冲 约78米,距望塔仑 约235米",112.525228,28.256447,0.0,1.9422275771399842
1364,,2017-06-10 22:44:10,0.0,0.0,"ACC开,3D定位,天线正常","湖南省长沙市宁乡县,距魏家冲 约81米,距望塔仑 约241米",112.525186,28.256405,0.0,6.2235913502479026
1365,,2017-06-10 22:45:10,0.0,0.0,"ACC开,3D定位,天线正常","湖南省长沙市宁乡县,距魏家冲 约80米,距望塔仑 约242米",112.525188,28.256396,0.0,1.0197474399996385
1366,,2017-06-10 22:46:10,0.0,0.0,"ACC开,3D定位,天线正常","湖南省长沙市宁乡县,距魏家冲 约80米,距望塔仑 约241米",112.52518899999998,28.256404,0.0,0.8949365203900072
1367,,2017-06-10 22:47:10,0.0,0.0,"ACC开,3D定位,天线正常","湖南省长沙市宁乡县,距魏家冲 约82米,距望塔仑 约240米",112.525176,28.256437,0.0,3.8840728953835817
1368,,2017-06-10 22:48:10,0.0,0.0,"ACC开,3D定位,天线正常","湖南省长沙市宁乡县,距魏家冲 约82米,距望塔仑 约241米",112.525179,28.256419,0.0,2.0229649007246127
1369,,2017-06-10 22:49:10,0.0,0.0,"ACC开,3D定位,天线正常","湖南省长沙市宁乡县,距魏家冲 约82米,距望塔仑 约242米",112.525173,28.256405,0.0,1.6639611674329555
1370,,2017-06-10 22:50:10,0.0,0.0,"ACC开,3D定位,天线正常","湖南省长沙市宁乡县,距魏家冲 约83米,距望塔仑 约244米",112.52516,28.256399,0.0,1.4374859308307375
1371,,2017-06-10 22:51:10,0.0,0.0,"ACC开,3D定位,天线正常","湖南省长沙市宁乡县,距魏家冲 约83米,距望塔仑 约244米",112.525156,28.256396,0.0,0.5145582506739889
1372,,2017-06-10 22:52:10,0.0,0.0,"ACC开,3D定位,天线正常","湖南省长沙市宁乡县,距魏家冲 约84米,距望塔仑 约245米",112.525152,28.256394,0.0,0.4504980220504034
1373,,2017-06-10 22:53:10,0.0,0.0,"ACC开,3D定位,天线正常","湖南省长沙市宁乡县,距魏家冲 约85米,距望塔仑 约245米",112.525144,28.256391,0.0,0.8516122797963565
1374,,2017-06-10 22:54:10,0.0,0.0,"ACC开,3D定位,天线正常","湖南省长沙市宁乡县,距魏家冲 约86米,距望塔仑 约246米",112.525131,28.256396,0.0,1.3893733304620888
1375,,2017-06-10 22:55:10,0.0,0.0,"ACC开,3D定位,天线正常","湖南省长沙市宁乡县,距魏家冲 约87米,距望塔仑 约246米",112.525121,28.256399,0.0,1.034697216729745
1376,,2017-06-10 22:56:10,0.0,0.0,"ACC开,3D定位,天线正常","湖南省长沙市宁乡县,距魏家冲 约87米,距望塔仑 约245米",112.525126,28.256414000000003,0.0,1.7383347661556543
1377,,2017-06-10 22:57:10,0.0,0.0,"ACC开,3D定位,天线正常","湖南省长沙市宁乡县,距魏家冲 约88米,距望塔仑 约245米",112.525116,28.256419,0.0,1.1262448822160271
1378,,2017-06-10 22:58:10,0.0,0.0,"ACC开,3D定位,天线正常","湖南省长沙市宁乡县,距魏家冲 约87米,距望塔仑 约244米",112.525124,28.256426,0.0,1.1044532553296955
1379,,2017-06-10 22:59:10,0.0,0.0,"ACC开,3D定位,天线正常","湖南省长沙市宁乡县,距魏家冲 约88米,距望塔仑 约243米",112.525124,28.25644500000001,0.0,2.112706591686422
1380,,2017-06-10 23:00:10,0.0,0.0,"ACC开,3D定位,天线正常","湖南省长沙市宁乡县,距魏家冲 约87米,距望塔仑 约244米",112.525126,28.256429,0.0,1.7898730363352249
1381,,2017-06-10 23:01:10,0.0,0.0,"ACC开,3D定位,天线正常","湖南省长沙市宁乡县,距魏家冲 约86米,距望塔仑 约244米",112.525132,28.256428000000003,0.0,0.5980961985682665
1382,,2017-06-10 23:02:10,0.0,0.0,"ACC开,3D定位,天线正常","湖南省长沙市宁乡县,距魏家冲 约87米,距望塔仑 约244米",112.525129,28.256426,0.0,0.3685051798233773
1383,,2017-06-10 23:03:10,0.0,0.0,"ACC开,3D定位,天线正常","湖南省长沙市宁乡县,距魏家冲 约87米,距望塔仑 约244米",112.525128,28.256427,0.0,0.14818074624326258
1384,,2017-06-10 23:04:10,0.0,0.0,"ACC开,3D定位,天线正常","湖南省长沙市宁乡县,距魏家冲 约87米,距望塔仑 约244米",112.525123,28.256428000000003,0.0,0.5021892222426274
1385,,2017-06-10 23:05:10,0.0,0.0,"ACC开,3D定位,天线正常","湖南省长沙市宁乡县,距魏家冲 约87米,距望塔仑 约244米",112.525125,28.256428000000003,0.0,0.19588962903634924
1386,,2017-06-10 23:06:10,0.0,0.0,"ACC开,3D定位,天线正常","湖南省长沙市宁乡县,距魏家冲 约87米,距望塔仑 约244米",112.525122,28.25643,0.0,0.3685051763348772
1387,,2017-06-10 23:07:10,0.0,0.0,"ACC开,3D定位,天线正常","湖南省长沙市宁乡县,距魏家冲 约87米,距望塔仑 约244米",112.525122,28.256429,0.0,0.11119508381019512
1388,,2017-06-10 23:08:10,0.0,0.0,"ACC开,3D定位,天线正常","湖南省长沙市宁乡县,距魏家冲 约88米,距望塔仑 约245米",112.525119,28.256426,0.0,0.4445422358905749
1389,,2017-06-10 23:09:10,0.0,0.0,"ACC开,3D定位,天线正常","湖南省长沙市宁乡县,距魏家冲 约88米,距望塔仑 约245米",112.525116,28.256423,0.0,0.4445422424177608
1390,,2017-06-10 23:10:10,0.0,0.0,"ACC开,3D定位,天线正常","湖南省长沙市宁乡县,距魏家冲 约88米,距望塔仑 约245米",112.525116,28.256423,0.0,0.0
1391,,2017-06-10 23:11:10,0.0,0.0,"ACC开,3D定位,天线正常","湖南省长沙市宁乡县,距魏家冲 约88米,距望塔仑 约245米",112.525116,28.256423,0.0,0.0
1392,,2017-06-10 23:12:10,0.0,0.0,"ACC开,3D定位,天线正常","湖南省长沙市宁乡县,距魏家冲 约88米,距望塔仑 约245米",112.525118,28.256418,0.0,0.5894755442346967
1393,,2017-06-10 23:13:10,0.0,0.0,"ACC开,3D定位,天线正常","湖南省长沙市宁乡县,距魏家冲 约87米,距望塔仑 约245米",112.525126,28.256421000000003,0.0,0.851612096116471
1394,,2017-06-10 23:14:10,0.0,0.0,"ACC开,3D定位,天线正常","湖南省长沙市宁乡县,距魏家冲 约87米,距望塔仑 约245米",112.525126,28.25642,0.0,0.11119508416385716
1395,,2017-06-10 23:15:10,0.0,0.0,"ACC开,3D定位,天线正常","湖南省长沙市宁乡县,距魏家冲 约86米,距望塔仑 约245米",112.525133,28.256411,0.0,1.213086284633668
1396,,2017-06-10 23:16:10,0.0,0.0,"ACC开,3D定位,天线正常","湖南省长沙市宁乡县,距魏家冲 约85米,距望塔仑 约245米",112.52513700000002,28.256403,0.0,0.9720129794389532
1397,,2017-06-10 23:17:10,0.0,0.0,"ACC开,3D定位,天线正常","湖南省长沙市宁乡县,距魏家冲 约85米,距望塔仑 约245米",112.525142,28.256399,0.0,0.6615582591920394
1398,,2017-06-10 23:18:10,0.0,0.0,"ACC开,3D定位,天线正常","湖南省长沙市宁乡县,距魏家冲 约85米,距望塔仑 约245米",112.525143,28.256396,0.0,0.3476669554192772
1399,,2017-06-10 23:19:10,0.0,0.0,"ACC开,3D定位,天线正常","湖南省长沙市宁乡县,距魏家冲 约84米,距望塔仑 约246米",112.525145,28.25638,0.0,1.7898730447833204
1400,,2017-06-10 23:20:10,0.0,0.0,"ACC开,3D定位,天线正常","湖南省长沙市宁乡县,距魏家冲 约83米,距望塔仑 约244米",112.525164,28.256388,0.0,2.062634580246613
1401,,2017-06-10 23:21:10,0.0,0.0,"ACC开,3D定位,天线正常","湖南省长沙市宁乡县,距魏家冲 约80米,距望塔仑 约245米",112.52518899999998,28.256355,0.0,4.411408106332985
1402,,2017-06-10 23:22:10,0.0,0.0,"ACC开,3D定位,天线正常","湖南省长沙市宁乡县,距魏家冲 约79米,距望塔仑 约244米",112.525198,28.256349,0.0,1.1055160364350582
1403,,2017-06-10 23:23:10,0.0,0.0,"ACC开,3D定位,天线正常","湖南省长沙市宁乡县,距魏家冲 约79米,距望塔仑 约244米",112.525199,28.256351,0.0,0.2430032665695676
1404,,2017-06-10 23:24:10,0.0,0.0,"ACC开,3D定位,天线正常","湖南省长沙市宁乡县,距魏家冲 约79米,距望塔仑 约244米",112.525199,28.256351,0.0,0.0
1405,,2017-06-10 23:25:10,0.0,0.0,"ACC开,3D定位,天线正常","湖南省长沙市宁乡县,距魏家冲 约79米,距望塔仑 约244米",112.525199,28.25635,0.0,0.11119508381019512
1406,,2017-06-10 23:26:10,0.0,0.0,"ACC开,3D定位,天线正常","湖南省长沙市宁乡县,距魏家冲 约79米,距望塔仑 约244米",112.525199,28.256351,0.0,0.11119508381019512
1407,,2017-06-10 23:27:10,0.0,0.0,"ACC开,3D定位,天线正常","湖南省长沙市宁乡县,距魏家冲 约79米,距望塔仑 约244米",112.525199,28.256351,0.0,0.0
1408,,2017-06-10 23:28:10,0.0,0.0,"ACC开,3D定位,天线正常","湖南省长沙市宁乡县,距魏家冲 约78米,距望塔仑 约244米",112.525201,28.256352000000003,0.0,0.2252490800379957
1409,,2017-06-10 23:29:10,0.0,0.0,"ACC开,3D定位,天线正常","湖南省长沙市宁乡县,距魏家冲 约79米,距望塔仑 约244米",112.5252,28.256353000000004,0.0,0.14818079144824106
1410,,2017-06-10 23:30:10,0.0,0.0,"ACC开,3D定位,天线正常","湖南省长沙市宁乡县,距魏家冲 约79米,距望塔仑 约244米",112.5252,28.25635,0.0,0.33358525107692344
1411,,2017-06-10 23:31:10,0.0,0.0,"ACC开,3D定位,天线正常","湖南省长沙市宁乡县,距魏家冲 约79米,距望塔仑 约244米",112.5252,28.25635,0.0,0.0
1412,,2017-06-10 23:32:10,0.0,0.0,"ACC开,3D定位,天线正常","湖南省长沙市宁乡县,距魏家冲 约79米,距望塔仑 约244米",112.525197,28.256351,0.0,0.3141705785724409
1413,,2017-06-10 23:33:10,0.0,0.0,"ACC开,3D定位,天线正常","湖南省长沙市宁乡县,距魏家冲 约80米,距望塔仑 约245米",112.52519,28.256351,0.0,0.6856141931069626
1414,,2017-06-10 23:34:10,0.0,0.0,"ACC开,3D定位,天线正常","湖南省长沙市宁乡县,距魏家冲 约79米,距望塔仑 约245米",112.525193,28.256347,0.0,0.5330744346969477
1415,,2017-06-10 23:35:10,0.0,0.0,"ACC开,3D定位,天线正常","湖南省长沙市宁乡县,距魏家冲 约79米,距望塔仑 约245米",112.525194,28.256346,0.0,0.1481807958391081
1416,,2017-06-10 23:36:10,0.0,0.0,"ACC开,3D定位,天线正常","湖南省长沙市宁乡县,距魏家冲 约79米,距望塔仑 约245米",112.525192,28.256345,0.0,0.22524909068310184
1417,,2017-06-10 23:37:10,0.0,0.0,"ACC开,3D定位,天线正常","湖南省长沙市宁乡县,距魏家冲 约79米,距望塔仑 约245米",112.525198,28.256341,0.0,0.7370107303839442
1418,,2017-06-10 23:38:10,0.0,0.0,"ACC开,3D定位,天线正常","湖南省长沙市宁乡县,距魏家冲 约76米,距望塔仑 约245米",112.525224,28.256319,0.0,3.5311966588079713
1419,,2017-06-10 23:39:10,0.0,0.0,"ACC开,3D定位,天线正常","湖南省长沙市宁乡县,距魏家冲 约76米,距望塔仑 约245米",112.525225,28.256316,0.0,0.3476669768048719
1420,,2017-06-10 23:40:10,0.0,0.0,"ACC开,3D定位,天线正常","湖南省长沙市宁乡县,距魏家冲 约75米,距望塔仑 约248米",112.52523,28.256266,0.0,5.581280936713731
1421,,2017-06-10 23:41:10,0.0,0.0,"ACC开,3D定位,天线正常","湖南省长沙市宁乡县,距魏家冲 约75米,距望塔仑 约248米",112.525232,28.25626500000001,0.0,0.22524921639440634
1422,,2017-06-10 23:42:10,0.0,0.0,"ACC开,3D定位,天线正常","湖南省长沙市宁乡县,距魏家冲 约74米,距望塔仑 约249米",112.525241,28.256254,0.0,1.5076924484927303
1423,,2017-06-10 23:43:10,0.0,0.0,"ACC开,3D定位,天线正常","湖南省长沙市宁乡县,距魏家冲 约76米,距望塔仑 约250米",112.525222,28.256255,0.0,1.8642735815450069
1424,,2017-06-10 23:44:10,0.0,0.0,"ACC开,3D定位,天线正常","湖南省长沙市宁乡县,距魏家冲 约77米,距望塔仑 约247米",112.525212,28.256304,0.0,5.535893570740514
1425,,2017-06-10 23:45:10,0.0,0.0,"ACC开,3D定位,天线正常","湖南省长沙市宁乡县,距魏家冲 约75米,距望塔仑 约245米",112.525234,28.25630300000001,0.0,2.15765556048551
1426,,2017-06-10 23:46:10,0.0,0.0,"ACC开,3D定位,天线正常","湖南省长沙市宁乡县,距魏家冲 约75米,距望塔仑 约243米",112.52523899999998,28.256335,0.0,3.591785225710692
1427,,2017-06-10 23:47:10,0.0,0.0,"ACC开,3D定位,天线正常","湖南省长沙市宁乡县,距魏家冲 约75米,距望塔仑 约242米",112.525236,28.256339,0.0,0.5330744536942222
1428,,2017-06-10 23:48:10,0.0,0.0,"ACC开,3D定位,天线正常","湖南省长沙市宁乡县,距魏家冲 约75米,距望塔仑 约243米",112.525233,28.256336,0.0,0.44454239983185545
1429,,2017-06-10 23:49:10,0.0,0.0,"ACC开,3D定位,天线正常","湖南省长沙市宁乡县,距魏家冲 约77米,距望塔仑 约244米",112.525211,28.25634,0.0,2.200213559460817
1430,,2017-06-10 23:50:10,0.0,0.0,"ACC开,3D定位,天线正常","湖南省长沙市宁乡县,距魏家冲 约78米,距望塔仑 约245米",112.525205,28.256339,0.0,0.5980966806386742
1431,,2017-06-10 23:51:10,0.0,0.0,"ACC开,3D定位,天线正常","湖南省长沙市宁乡县,距魏家冲 约78米,距望塔仑 约245米",112.525205,28.256339,0.0,0.0
1432,,2017-06-10 23:52:10,0.0,0.0,"ACC开,3D定位,天线正常","湖南省长沙市宁乡县,距魏家冲 约78米,距望塔仑 约245米",112.525205,28.25634,0.0,0.11119508345653306
1433,,2017-06-10 23:53:10,0.0,0.0,"ACC开,3D定位,天线正常","湖南省长沙市宁乡县,距魏家冲 约78米,距望塔仑 约244米",112.525205,28.256342,0.0,0.22239016762039024
1434,,2017-06-10 23:54:10,0.0,0.0,"ACC开,3D定位,天线正常","湖南省长沙市宁乡县,距魏家冲 约78米,距望塔仑 约244米",112.525205,28.256346,0.0,0.4447803348871187
1435,,2017-06-10 23:55:10,0.0,0.0,"ACC开,3D定位,天线正常","湖南省长沙市宁乡县,距魏家冲 约78米,距望塔仑 约244米",112.525202,28.256351,0.0,0.628846145391319
1436,,2017-06-10 23:56:10,0.0,0.0,"ACC开,3D定位,天线正常","湖南省长沙市宁乡县,距魏家冲 约78米,距望塔仑 约244米",112.525203,28.25635,0.0,0.14818079258630926
1437,,2017-06-10 23:57:10,0.0,0.0,"ACC开,3D定位,天线正常","湖南省长沙市宁乡县,距魏家冲 约79米,距望塔仑 约245米",112.525194,28.256341,0.0,1.3336271591223892
1438,,2017-06-10 23:58:10,0.0,0.0,"ACC开,3D定位,天线正常","湖南省长沙市宁乡县,距魏家冲 约79米,距望塔仑 约245米",112.525194,28.256342,0.0,0.11119508416385716
1439,,2017-06-10 23:59:10,0.0,0.0,"ACC开,3D定位,天线正常","湖南省长沙市宁乡县,距魏家冲 约79米,距望塔仑 约245米",112.525196,28.256346,0.0,0.4860065362030553
1440,,2017-06-11 00:00:10,0.0,0.0,"ACC开,3D定位,天线正常","湖南省长沙市宁乡县,距魏家冲 约79米,距望塔仑 约245米",112.525194,28.256345,0.0,0.22524908959944098
